luminosity = 35866.211
channels = 84
sample = comb

channel =            bin1    bin2    bin3    bin4    bin5    bin6    bin7    bin8    bin9    bin10   bin11   bin12   bin13   bin14   bin15   bin16   bin17   bin18   bin19   bin20   bin21   bin22   bin23   bin24   bin25   bin26   bin27   bin28   bin29   bin30   bin31   bin32   bin33   bin34   bin35   bin36   bin37   bin38   bin39   bin40   bin41   bin42   bin43   bin44   bin45   bin46   bin47   bin48   bin49   bin50   bin51   bin52   bin53   bin54   bin55   bin56   bin57   bin58   bin59   bin60   bin61   bin62   bin63   bin64   bin65   bin66   bin67   bin68   bin69   bin70   bin71   bin72   bin73   bin74   bin75   bin76   bin77   bin78   bin79   bin80   bin81   bin82   bin83   bin84   

 rate    =           1158.623  45.470   11.445   1.572    2.057    638.530  47.597   9.371    1.203    80.099   57.878   19.453   2.529    0.539    2.894    5.364    8.769    0.000  0.000  1.593    0.536    455.844  30.275   6.527    1.302    1.836    40.241   5.644    1.337    0.000  2.898    5.518    1.970    2.741    0.000  0.000  0.000  73.138   12.444   3.596    1.616    9.440    2.958    1.400    2.333    4.594    1.841    1.113    45.536   6.117    1.986    0.726    24.927   7.932    1.415    0.941    1.715    0.000  37.528   7.896    0.487    0.576    23.840   4.104    1.563    3.228    0.908    0.000  0.000  0.000  8.256    0.442    0.000  4.600    0.976    2.098    1.829    0.000  0.000  0.612    1.262    0.000  0.000  0.000  

# stat_unc_abs_up =   30.769   6.779    3.952    1.828    2.380    22.144   7.212    3.606    2.140    7.571    7.169    4.680    2.359    1.039    1.972    2.757    3.339    1.468    1.680    2.182    1.594    19.542   5.900    3.388    2.681    2.378    6.069    3.491    2.073    1.429    1.995    2.679    1.543    2.587    1.024    1.777    1.085    8.777    4.628    3.367    2.872    3.544    2.531    2.280    3.859    3.170    2.153    1.818    5.499    2.438    1.347    1.990    5.251    3.184    1.694    1.533    2.663    1.242    5.015    2.654    1.605    1.696    4.946    2.857    2.405    2.256    2.704    2.722    1.368    2.164    2.948    1.899    0.400    2.908    1.568    1.957    2.095    1.655    1.942    1.508    1.466    2.105    1.423    1.589  
# stat_unc_abs_dn =   29.667   5.677    2.819    0.805    1.057    21.126   6.018    2.449    0.777    6.723    6.147    3.595    1.155    0.348    1.116    1.722    2.286    0.000  0.000  1.029    0.443    18.453   4.734    2.101    0.841    0.953    5.069    2.031    0.864    0.000  1.115    1.805    0.823    1.249    0.000  0.000  0.000  7.570    3.175    1.649    1.033    2.383    1.415    0.904    1.388    1.774    0.941    0.654    4.742    1.660    0.776    0.600    4.142    2.141    0.721    0.552    1.108    0.000  4.274    1.886    0.403    0.476    3.903    1.579    1.009    1.238    0.751    0.000  0.000  0.000  2.034    0.366    0.000  1.655    0.630    0.958    0.974    0.000  0.000  0.506    0.647    0.000  0.000  0.000  
 stat_unc_up =       0.027    0.149    0.345    1.163    1.157    0.035    0.152    0.385    1.779    0.095    0.124    0.241    0.933    1.927    0.682    0.514    0.381    0.000  0.000  1.370    2.975    0.043    0.195    0.519    2.059    1.295    0.151    0.619    1.550    0.000  0.688    0.486    0.783    0.944    0.000  0.000  0.000  0.120    0.372    0.936    1.777    0.375    0.856    1.628    1.654    0.690    1.169    1.633    0.121    0.399    0.678    2.742    0.211    0.401    1.197    1.629    1.553    0.000  0.134    0.336    3.293    2.945    0.207    0.696    1.539    0.699    2.977    0.000  0.000  0.000  0.357    4.297    0.000  0.632    1.607    0.933    1.145    0.000  0.000  2.465    1.162    0.000  0.000  0.000  
 stat_unc_dn =       0.026    0.125    0.246    0.512    0.514    0.033    0.126    0.261    0.646    0.084    0.106    0.185    0.457    0.646    0.385    0.321    0.261    0.000  0.000  0.646    0.827    0.040    0.156    0.322    0.646    0.519    0.126    0.360    0.646    0.000  0.385    0.327    0.418    0.456    0.000  0.000  0.000  0.104    0.255    0.459    0.639    0.252    0.479    0.646    0.595    0.386    0.511    0.587    0.104    0.271    0.391    0.827    0.166    0.270    0.509    0.586    0.646    0.000  0.114    0.239    0.827    0.827    0.164    0.385    0.646    0.384    0.827    0.000  0.000  0.000  0.246    0.827    0.000  0.360    0.646    0.457    0.533    0.000  0.000  0.827    0.512    0.000  0.000  0.000  

 syst_unc_TF_stat_up = 0.010    0.041    0.090    0.152    0.139    0.013    0.043    0.080    0.166    0.032    0.039    0.072    0.117    0.307    0.160    0.091    0.104    0.196    0.274    0.376    0.214    0.015    0.050    0.095    0.198    0.222    0.042    0.094    0.243    0.250    0.139    0.162    0.166    0.237    0.264    0.321    0.336    0.038    0.082    0.181    0.403    0.067    0.142    0.219    0.195    0.051    0.081    0.201    0.036    0.084    0.167    0.321    0.056    0.103    0.153    0.162    0.280    0.258    0.037    0.084    0.219    0.353    0.063    0.117    0.259    0.137    0.390    0.285    0.341    0.309    0.114    0.303    0.298    0.120    0.254    0.112    0.165    0.114    0.229    0.192    0.185    0.296    0.363    0.268  
 syst_unc_TF_stat_dn = 0.010    0.041    0.090    0.152    0.139    0.013    0.043    0.080    0.166    0.032    0.039    0.072    0.117    0.307    0.160    0.091    0.104    0.196    0.274    0.376    0.214    0.015    0.050    0.095    0.198    0.222    0.042    0.094    0.243    0.250    0.139    0.162    0.166    0.237    0.264    0.321    0.336    0.038    0.082    0.181    0.403    0.067    0.142    0.219    0.195    0.051    0.081    0.201    0.036    0.084    0.167    0.321    0.056    0.103    0.153    0.162    0.280    0.258    0.037    0.084    0.219    0.353    0.063    0.117    0.259    0.137    0.390    0.285    0.341    0.309    0.114    0.303    0.298    0.120    0.254    0.112    0.165    0.114    0.229    0.192    0.185    0.296    0.363    0.268  

 syst_unc_ISR_up =   0.013    0.011    0.016    0.020    0.009    0.014    0.016    0.017    0.003    0.017    0.010    0.018    0.006    0.002    0.021    0.025    0.011    0.017    0.025    0.029    0.008    0.012    0.013    0.027    0.009    0.059    0.010    0.024    0.039    0.021    0.005    0.006    0.018    0.042    0.013    0.048    0.020    0.009    0.006    0.018    0.041    0.027    0.027    0.008    0.013    0.026    0.018    0.019    0.036    0.021    0.017    0.023    0.020    0.038    0.033    0.015    0.011    0.020    0.032    0.024    0.042    0.021    0.021    0.024    0.034    0.032    0.024    0.044    0.053    0.006    0.025    0.056    0.038    0.026    0.022    0.027    0.007    0.010    0.044    0.003    0.027    0.094    0.010    0.023  
 syst_unc_ISR_dn =   0.017    0.017    0.021    0.028    0.018    0.019    0.023    0.025    0.013    0.024    0.015    0.028    0.014    0.017    0.035    0.032    0.014    0.025    0.041    0.010    0.004    0.016    0.018    0.035    0.014    0.075    0.015    0.039    0.053    0.028    0.013    0.005    0.027    0.062    0.028    0.063    0.029    0.012    0.008    0.025    0.043    0.042    0.042    0.010    0.017    0.038    0.028    0.028    0.053    0.034    0.040    0.038    0.032    0.058    0.054    0.025    0.024    0.019    0.045    0.038    0.063    0.040    0.032    0.035    0.045    0.051    0.039    0.057    0.077    0.003    0.036    0.083    0.053    0.048    0.047    0.059    0.008    0.021    0.077    0.009    0.058    0.130    0.016    0.050  

 syst_unc_bTag_up =  0.000    0.001    0.002    0.004    0.002    0.000    0.002    0.002    0.000    0.000    0.001    0.001    0.003    0.001    0.002    0.001    0.004    0.008    0.001    0.005    0.004    0.000    0.001    0.003    0.004    0.002    0.000    0.003    0.003    0.014    0.010    0.007    0.002    0.004    0.005    0.005    0.004    0.002    0.001    0.002    0.012    0.003    0.004    0.002    0.015    0.002    0.005    0.006    0.000    0.002    0.001    0.003    0.000    0.000    0.001    0.001    0.005    0.004    0.002    0.001    0.001    0.005    0.002    0.001    0.001    0.001    0.001    0.003    0.002    0.009    0.001    0.003    0.007    0.004    0.001    0.007    0.001    0.003    0.003    0.002    0.001    0.003    0.019    0.004  
 syst_unc_bTag_dn =  0.000    0.001    0.002    0.004    0.002    0.000    0.002    0.002    0.000    0.000    0.001    0.001    0.003    0.001    0.002    0.001    0.004    0.009    0.002    0.005    0.004    0.000    0.001    0.003    0.004    0.002    0.000    0.003    0.003    0.015    0.011    0.008    0.002    0.004    0.005    0.005    0.004    0.002    0.001    0.002    0.012    0.003    0.005    0.002    0.015    0.002    0.006    0.006    0.001    0.002    0.001    0.003    0.000    0.000    0.001    0.001    0.005    0.004    0.002    0.001    0.001    0.005    0.002    0.001    0.001    0.001    0.001    0.003    0.003    0.009    0.001    0.003    0.007    0.004    0.001    0.007    0.001    0.003    0.003    0.002    0.001    0.003    0.020    0.004  

 syst_unc_pdfUnc_up = 0.001    0.007    0.275    0.004    0.023    0.000    0.003    0.009    0.011    0.003    0.002    0.000    0.018    0.059    0.011    0.004    0.001    0.025    0.043    0.026    0.013    0.000    0.007    0.005    0.010    0.007    0.001    0.001    0.005    0.031    0.049    0.001    0.006    0.052    0.014    0.013    0.005    0.005    0.003    0.013    0.016    0.001    0.010    0.013    0.020    0.005    0.011    0.003    0.001    0.002    0.008    0.007    0.001    0.001    0.020    0.006    0.005    0.005    0.007    0.003    0.001    0.035    0.002    0.017    0.005    0.008    0.010    0.016    0.013    0.031    0.001    0.006    0.042    0.006    0.017    0.001    0.004    0.012    0.001    0.005    0.005    0.022    0.007    0.008  
 syst_unc_pdfUnc_dn = 0.002    0.004    0.315    0.020    0.021    0.002    0.003    0.011    0.005    0.005    0.003    0.001    0.016    0.124    0.028    0.004    0.004    0.037    0.028    0.038    0.005    0.000    0.010    0.005    0.003    0.031    0.003    0.000    0.003    0.041    0.187    0.004    0.005    0.033    0.016    0.003    0.010    0.005    0.006    0.004    0.021    0.005    0.015    0.013    0.002    0.005    0.014    0.040    0.002    0.001    0.011    0.016    0.001    0.001    0.008    0.009    0.003    0.018    0.001    0.008    0.004    0.000    0.001    0.054    0.004    0.008    0.028    0.032    0.011    0.020    0.001    0.036    0.035    0.005    0.017    0.006    0.012    0.011    0.024    0.009    0.005    0.050    0.002    0.008  

 syst_unc_metMag_up = 0.000    0.013    0.061    0.034    0.639    0.003    0.026    0.046    0.008    0.019    0.032    0.034    0.091    0.557    0.043    0.046    0.018    0.286    0.318    0.173    0.351    0.008    0.004    0.047    0.010    0.000    0.003    0.062    0.063    0.046    0.038    0.062    0.029    0.044    0.209    0.095    0.599    0.011    0.037    0.012    0.368    0.003    0.011    0.033    0.042    0.012    0.010    0.023    0.004    0.022    0.103    0.356    0.023    0.021    0.023    0.055    0.230    0.098    0.013    0.024    0.068    0.005    0.010    0.088    0.099    0.046    0.133    0.226    0.093    0.060    0.040    0.042    0.009    0.022    0.086    0.020    0.005    0.084    0.111    0.006    0.032    0.033    0.189    0.379  
 syst_unc_metMag_dn = 0.001    0.022    0.026    0.094    0.027    0.001    0.014    0.036    0.030    0.007    0.006    0.014    0.028    0.012    0.039    0.033    0.032    0.159    0.058    0.104    0.033    0.004    0.010    0.030    0.004    0.075    0.005    0.054    0.121    0.118    0.028    0.007    0.043    0.035    0.101    0.118    0.123    0.008    0.014    0.014    0.045    0.025    0.054    0.018    0.014    0.034    0.023    0.013    0.009    0.063    0.059    0.042    0.011    0.035    0.212    0.043    0.062    0.088    0.004    0.012    0.120    0.046    0.018    0.073    0.118    0.105    0.046    0.022    0.061    0.038    0.030    0.054    0.096    0.094    0.041    0.007    0.002    0.004    0.055    0.005    0.073    0.010    0.086    0.055  

 syst_unc_metPhi_up = 0.001    0.003    0.021    0.007    0.005    0.004    0.004    0.011    0.005    0.007    0.003    0.001    0.003    0.052    0.005    0.005    0.005    0.002    0.001    0.001    0.018    0.002    0.009    0.018    0.007    0.046    0.008    0.008    0.072    0.016    0.011    0.016    0.011    0.019    0.008    0.054    0.001    0.009    0.008    0.000    0.000    0.002    0.041    0.027    0.010    0.007    0.017    0.003    0.005    0.014    0.051    0.004    0.009    0.023    0.016    0.033    0.000    0.005    0.006    0.026    0.013    0.003    0.015    0.017    0.037    0.037    0.128    0.001    0.021    0.072    0.016    0.000    0.000    0.020    0.048    0.003    0.010    0.008    0.007    0.023    0.007    0.012    0.011    0.002  
 syst_unc_metPhi_dn = 0.002    0.003    0.007    0.016    0.004    0.002    0.005    0.010    0.012    0.002    0.001    0.001    0.007    0.045    0.045    0.006    0.011    0.002    0.051    0.035    0.004    0.003    0.009    0.005    0.003    0.006    0.015    0.011    0.029    0.005    0.023    0.000    0.007    0.000    0.009    0.002    0.001    0.005    0.006    0.025    0.034    0.004    0.008    0.002    0.002    0.002    0.049    0.013    0.003    0.018    0.039    0.005    0.004    0.003    0.002    0.026    0.064    0.004    0.004    0.020    0.039    0.002    0.014    0.035    0.003    0.010    0.008    0.004    0.105    0.020    0.004    0.000    0.003    0.023    0.060    0.038    0.002    0.014    0.002    0.018    0.014    0.020    0.006    0.001  

 syst_unc_jec_up =   0.002    0.007    0.027    0.017    0.016    0.011    0.009    0.012    0.075    0.020    0.024    0.021    0.016    0.147    0.055    0.021    0.030    0.054    0.281    0.305    0.021    0.004    0.025    0.017    0.024    0.081    0.019    0.033    0.033    0.050    0.058    0.066    0.022    0.004    0.140    0.015    0.073    0.014    0.013    0.033    0.128    0.015    0.025    0.017    0.075    0.011    0.015    0.026    0.015    0.008    0.052    0.017    0.007    0.027    0.039    0.070    0.079    0.066    0.010    0.012    0.066    0.123    0.045    0.046    0.232    0.043    0.082    0.079    0.227    0.139    0.034    0.004    0.645    0.057    0.152    0.020    0.019    0.080    0.059    0.079    0.107    0.117    0.224    0.103  
 syst_unc_jec_dn =   0.006    0.005    0.027    0.035    0.079    0.001    0.025    0.046    0.004    0.009    0.016    0.021    0.024    0.083    0.010    0.022    0.029    0.007    0.100    0.209    0.037    0.003    0.011    0.049    0.129    0.009    0.005    0.012    0.017    0.194    0.012    0.020    0.020    0.098    0.273    0.045    0.085    0.014    0.027    0.047    0.081    0.007    0.016    0.019    0.025    0.014    0.008    0.022    0.031    0.019    0.025    0.015    0.008    0.012    0.012    0.077    0.218    0.036    0.022    0.022    0.004    0.231    0.036    0.097    0.103    0.053    0.500    0.095    0.175    0.184    0.013    0.146    0.038    0.028    0.142    0.103    0.104    0.020    0.176    0.165    0.069    0.460    0.017    0.175  

 syst_unc_SF_up =    0.081    0.085    0.077    0.096    0.095    0.085    0.082    0.092    0.130    0.091    0.090    0.085    0.101    0.245    0.122    0.085    0.081    0.101    0.123    0.177    0.150    0.082    0.081    0.082    0.123    0.094    0.085    0.072    0.121    0.082    0.101    0.129    0.131    0.109    0.114    0.082    0.092    0.078    0.077    0.082    0.116    0.102    0.124    0.101    0.073    0.081    0.105    0.087    0.101    0.108    0.167    0.119    0.079    0.090    0.095    0.105    0.106    0.134    0.101    0.111    0.115    0.108    0.087    0.085    0.108    0.108    0.115    0.113    0.070    0.096    0.108    0.179    0.429    0.083    0.143    0.105    0.128    0.091    0.113    0.253    0.123    0.113    0.067    0.229  
 syst_unc_SF_dn =    0.085    0.089    0.080    0.099    0.098    0.088    0.087    0.096    0.138    0.095    0.095    0.088    0.106    0.261    0.125    0.088    0.083    0.107    0.129    0.181    0.160    0.086    0.084    0.086    0.131    0.099    0.089    0.076    0.124    0.086    0.105    0.131    0.135    0.112    0.120    0.085    0.096    0.082    0.080    0.086    0.119    0.108    0.126    0.107    0.077    0.084    0.111    0.090    0.105    0.111    0.177    0.122    0.082    0.092    0.099    0.110    0.112    0.142    0.104    0.115    0.117    0.109    0.092    0.090    0.112    0.114    0.118    0.117    0.073    0.099    0.113    0.190    0.447    0.087    0.152    0.108    0.131    0.095    0.117    0.257    0.130    0.117    0.070    0.233  

## note : for special usage 
# fin_TF_to_mu =      1.373    1.199    1.221    1.023    1.285    1.280    1.476    1.253    1.203    1.050    1.196    1.189    1.267    0.539    0.964    1.130    1.296    1.337    1.394    0.641    1.072    1.314    1.269    1.328    1.302    0.961    1.161    1.523    1.182    1.122    0.988    0.988    0.730    1.484    0.902    1.005    0.881    1.392    1.444    1.636    0.905    1.203    1.052    1.400    2.769    1.408    1.218    1.010    0.925    0.840    0.728    1.177    1.236    1.310    0.878    1.002    1.715    1.144    0.883    0.834    1.248    1.151    1.178    1.300    1.346    1.048    1.865    1.684    0.827    1.108    0.936    0.884    0.317    1.216    0.976    1.075    0.839    1.129    1.152    0.589    0.853    1.056    0.985    0.364  
# fin_TFerr_to_mu =   0.019    0.066    0.133    0.215    0.221    0.023    0.086    0.138    0.200    0.046    0.064    0.116    0.204    0.166    0.178    0.141    0.169    0.366    0.545    0.267    0.229    0.026    0.084    0.174    0.258    0.283    0.067    0.202    0.297    0.390    0.180    0.147    0.158    0.424    0.272    0.394    0.414    0.072    0.160    0.411    0.410    0.095    0.141    0.307    0.678    0.099    0.126    0.229    0.046    0.092    0.156    0.356    0.094    0.171    0.185    0.234    0.480    0.398    0.044    0.094    0.272    0.435    0.102    0.202    0.345    0.172    0.682    0.699    0.369    0.452    0.144    0.268    0.130    0.193    0.248    0.127    0.176    0.179    0.367    0.169    0.208    0.464    0.492    0.154  

# fin_TF_to_ele =     1.678    1.633    1.526    1.061    1.415    1.527    1.629    1.493    1.560    1.209    1.496    1.506    1.262    0.823    0.965    1.241    1.236    0.868    1.178    1.593    1.099    1.662    1.675    1.603    2.237    1.750    1.424    1.732    1.337    1.074    0.955    1.226    0.827    1.333    0.650    1.648    0.784    1.769    1.981    1.960    2.328    1.623    1.479    1.453    1.897    1.655    1.246    1.216    1.064    1.004    0.529    1.451    1.552    1.193    1.075    0.880    1.527    0.715    1.051    1.014    0.975    1.152    1.451    1.504    1.563    1.213    1.816    2.431    1.234    2.073    1.243    1.742    0.297    1.559    0.972    1.040    1.410    1.400    1.767    1.224    0.817    2.028    1.191    1.687  
# fin_TFerr_to_ele =  0.024    0.096    0.177    0.212    0.264    0.028    0.098    0.171    0.275    0.055    0.085    0.157    0.215    0.185    0.182    0.158    0.170    0.231    0.445    0.598    0.262    0.035    0.119    0.221    0.479    0.586    0.086    0.231    0.325    0.386    0.181    0.199    0.190    0.409    0.308    0.755    0.376    0.098    0.243    0.502    1.236    0.137    0.210    0.325    0.608    0.121    0.160    0.384    0.054    0.114    0.111    0.466    0.127    0.156    0.228    0.194    0.416    0.268    0.054    0.120    0.214    0.407    0.133    0.256    0.404    0.208    0.709    0.939    0.598    0.874    0.204    0.617    0.128    0.270    0.252    0.151    0.289    0.227    0.560    0.235    0.212    0.785    0.618    0.527  

