luminosity = 35866.211
channels = 84
sample = comb

channel =            bin1    bin2    bin3    bin4    bin5    bin6    bin7    bin8    bin9    bin10   bin11   bin12   bin13   bin14   bin15   bin16   bin17   bin18   bin19   bin20   bin21   bin22   bin23   bin24   bin25   bin26   bin27   bin28   bin29   bin30   bin31   bin32   bin33   bin34   bin35   bin36   bin37   bin38   bin39   bin40   bin41   bin42   bin43   bin44   bin45   bin46   bin47   bin48   bin49   bin50   bin51   bin52   bin53   bin54   bin55   bin56   bin57   bin58   bin59   bin60   bin61   bin62   bin63   bin64   bin65   bin66   bin67   bin68   bin69   bin70   bin71   bin72   bin73   bin74   bin75   bin76   bin77   bin78   bin79   bin80   bin81   bin82   bin83   bin84   

 rate    =           1201.330  41.949   6.103    1.023    1.285    661.720  56.097   11.278   2.406    75.565   69.392   17.828   2.534    1.078    0.964    4.521    5.183    0.000  0.000  0.000  1.072    436.380  25.375   6.642    2.604    1.922    40.620   6.090    0.000  0.000  1.975    0.000  1.459    1.484    0.000  0.000  0.000  73.753   13.000   3.271    0.905    15.634   0.000  2.800    2.769    4.224    2.436    1.010    45.314   4.200    2.913    0.000  23.478   3.929    1.756    1.002    3.430    0.000  30.907   6.670    0.000  0.000  25.911   5.200    0.000  5.242    0.000  0.000  0.000  0.000  10.298   0.884    0.000  6.082    1.952    1.075    0.839    0.000  0.000  0.000  1.707    0.000  0.000  0.000  

# stat_unc_abs_up =   42.002   8.357    4.129    2.352    2.955    30.402   10.656   5.151    3.174    9.996    10.361   5.894    3.342    1.422    2.216    3.574    4.098    2.461    2.567    1.181    2.464    25.288   7.037    4.493    3.435    2.535    8.092    4.816    2.177    2.065    2.605    1.819    1.924    3.413    1.661    1.850    1.621    11.586   5.937    4.315    2.081    5.649    1.937    3.693    6.368    4.108    3.214    2.323    7.442    2.841    2.303    2.167    6.716    3.822    2.316    2.303    4.524    2.107    6.157    3.289    2.298    2.119    6.786    4.112    2.478    3.546    3.433    3.100    1.523    2.041    4.135    2.032    0.583    4.115    2.574    2.471    1.930    2.078    2.121    1.085    2.251    1.945    1.813    0.669  
# stat_unc_abs_dn =   40.605   7.057    2.636    0.846    1.063    29.094   9.060    3.688    1.554    8.885    9.085    4.552    1.637    0.696    0.797    2.164    2.480    0.000  0.000  0.000  0.887    23.938   5.626    2.869    1.682    1.241    6.833    2.915    0.000  0.000  1.276    0.000  0.942    1.228    0.000  0.000  0.000  10.099   4.252    2.113    0.749    4.280    0.000  1.809    2.291    2.299    1.574    0.836    6.451    1.814    1.394    0.000  5.338    2.139    1.134    0.829    2.216    0.000  5.199    2.308    0.000  0.000  5.482    2.489    0.000  2.264    0.000  0.000  0.000  0.000  3.057    0.731    0.000  2.627    1.261    0.889    0.694    0.000  0.000  0.000  1.102    0.000  0.000  0.000  
 stat_unc_up =       0.035    0.199    0.677    2.300    2.300    0.046    0.190    0.457    1.319    0.132    0.149    0.331    1.319    1.319    2.300    0.791    0.791    0.000  0.000  0.000  2.300    0.058    0.277    0.677    1.319    1.319    0.199    0.791    0.000  0.000  1.319    0.000  1.319    2.300    0.000  0.000  0.000  0.157    0.457    1.319    2.300    0.361    0.000  1.319    2.300    0.973    1.319    2.300    0.164    0.677    0.791    0.000  0.286    0.973    1.319    2.300    1.319    0.000  0.199    0.493    0.000  0.000  0.262    0.791    0.000  0.677    0.000  0.000  0.000  0.000  0.402    2.300    0.000  0.677    1.319    2.300    2.300    0.000  0.000  0.000  1.319    0.000  0.000  0.000  
 stat_unc_dn =       0.034    0.168    0.432    0.827    0.827    0.044    0.162    0.327    0.646    0.118    0.131    0.255    0.646    0.646    0.827    0.479    0.479    0.000  0.000  0.000  0.827    0.055    0.222    0.432    0.646    0.646    0.168    0.479    0.000  0.000  0.646    0.000  0.646    0.827    0.000  0.000  0.000  0.137    0.327    0.646    0.827    0.274    0.000  0.646    0.827    0.544    0.646    0.827    0.142    0.432    0.479    0.000  0.227    0.544    0.646    0.827    0.646    0.000  0.168    0.346    0.000  0.000  0.212    0.479    0.000  0.432    0.000  0.000  0.000  0.000  0.297    0.827    0.000  0.432    0.646    0.827    0.827    0.000  0.000  0.000  0.646    0.000  0.000  0.000  

 syst_unc_TF_stat_up = 0.014    0.055    0.109    0.211    0.172    0.018    0.059    0.110    0.166    0.044    0.053    0.098    0.161    0.307    0.185    0.125    0.131    0.274    0.391    0.416    0.214    0.020    0.066    0.131    0.198    0.294    0.058    0.133    0.251    0.347    0.183    0.149    0.216    0.285    0.301    0.392    0.470    0.051    0.110    0.251    0.453    0.079    0.134    0.219    0.245    0.070    0.103    0.226    0.050    0.110    0.215    0.302    0.076    0.130    0.210    0.233    0.280    0.348    0.049    0.113    0.218    0.378    0.086    0.155    0.256    0.164    0.366    0.415    0.446    0.407    0.154    0.303    0.409    0.159    0.254    0.119    0.209    0.158    0.319    0.286    0.243    0.440    0.499    0.423  
 syst_unc_TF_stat_dn = 0.014    0.055    0.109    0.211    0.172    0.018    0.059    0.110    0.166    0.044    0.053    0.098    0.161    0.307    0.185    0.125    0.131    0.274    0.391    0.416    0.214    0.020    0.066    0.131    0.198    0.294    0.058    0.133    0.251    0.347    0.183    0.149    0.216    0.285    0.301    0.392    0.470    0.051    0.110    0.251    0.453    0.079    0.134    0.219    0.245    0.070    0.103    0.226    0.050    0.110    0.215    0.302    0.076    0.130    0.210    0.233    0.280    0.348    0.049    0.113    0.218    0.378    0.086    0.155    0.256    0.164    0.366    0.415    0.446    0.407    0.154    0.303    0.409    0.159    0.254    0.119    0.209    0.158    0.319    0.286    0.243    0.440    0.499    0.423  

 syst_unc_ISR_up =   0.017    0.016    0.034    0.025    0.019    0.017    0.022    0.025    0.003    0.025    0.016    0.011    0.010    0.002    0.008    0.039    0.031    0.011    0.041    0.022    0.008    0.016    0.019    0.026    0.009    0.093    0.012    0.039    0.005    0.032    0.008    0.023    0.010    0.030    0.021    0.057    0.037    0.010    0.008    0.019    0.062    0.032    0.010    0.008    0.021    0.038    0.025    0.035    0.048    0.029    0.018    0.005    0.033    0.036    0.031    0.028    0.011    0.029    0.042    0.036    0.061    0.034    0.034    0.033    0.020    0.039    0.066    0.023    0.027    0.002    0.037    0.056    0.072    0.031    0.022    0.035    0.024    0.016    0.086    0.004    0.036    0.076    0.023    0.073  
 syst_unc_ISR_dn =   0.024    0.024    0.043    0.036    0.035    0.025    0.032    0.036    0.013    0.034    0.023    0.021    0.024    0.017    0.021    0.051    0.038    0.016    0.070    0.030    0.004    0.021    0.026    0.034    0.014    0.121    0.016    0.063    0.016    0.052    0.022    0.034    0.019    0.033    0.048    0.077    0.054    0.014    0.010    0.027    0.076    0.050    0.017    0.010    0.024    0.054    0.037    0.022    0.070    0.045    0.047    0.012    0.055    0.055    0.057    0.041    0.024    0.028    0.060    0.054    0.079    0.051    0.051    0.049    0.028    0.062    0.124    0.049    0.059    0.001    0.054    0.083    0.068    0.059    0.047    0.067    0.017    0.034    0.154    0.059    0.076    0.122    0.034    0.059  

 syst_unc_bTag_up =  0.000    0.000    0.002    0.007    0.001    0.000    0.003    0.002    0.000    0.000    0.002    0.001    0.005    0.001    0.002    0.002    0.008    0.014    0.003    0.003    0.004    0.000    0.002    0.003    0.004    0.001    0.001    0.002    0.000    0.025    0.006    0.005    0.001    0.007    0.003    0.010    0.007    0.003    0.001    0.003    0.011    0.003    0.004    0.002    0.025    0.002    0.005    0.007    0.000    0.001    0.001    0.001    0.000    0.000    0.001    0.001    0.005    0.005    0.002    0.002    0.001    0.002    0.004    0.002    0.005    0.001    0.007    0.004    0.005    0.001    0.001    0.003    0.006    0.003    0.001    0.002    0.004    0.006    0.000    0.003    0.000    0.003    0.018    0.005  
 syst_unc_bTag_dn =  0.034    0.168    0.432    0.827    0.827    0.044    0.162    0.327    0.646    0.118    0.131    0.255    0.646    0.646    0.827    0.479    0.479    0.014    0.004    0.003    0.827    0.055    0.222    0.432    0.646    0.646    0.168    0.479    0.000    0.026    0.646    0.005    0.646    0.827    0.003    0.011    0.007    0.137    0.327    0.646    0.827    0.274    0.004    0.646    0.827    0.544    0.646    0.827    0.142    0.432    0.479    0.000    0.227    0.544    0.646    0.827    0.646    0.004    0.168    0.346    0.001    0.002    0.212    0.479    0.005    0.432    0.007    0.004    0.006    0.001    0.297    0.827    0.005    0.432    0.646    0.827    0.827    0.006    0.000    0.003    0.646    0.003    0.018    0.006  

 syst_unc_pdfUnc_up = 0.001    0.012    0.003    0.008    0.011    0.000    0.005    0.003    0.011    0.006    0.003    0.001    0.026    0.059    0.002    0.007    0.001    0.034    0.063    0.048    0.013    0.000    0.010    0.005    0.010    0.010    0.001    0.002    0.007    0.005    0.061    0.006    0.013    0.003    0.024    0.021    0.006    0.007    0.005    0.007    0.008    0.000    0.001    0.013    0.029    0.004    0.000    0.005    0.000    0.003    0.011    0.019    0.002    0.001    0.015    0.011    0.005    0.008    0.005    0.002    0.008    0.025    0.002    0.027    0.008    0.010    0.023    0.007    0.027    0.043    0.002    0.006    0.063    0.008    0.017    0.003    0.002    0.018    0.001    0.002    0.007    0.055    0.016    0.033  
 syst_unc_pdfUnc_dn = 0.002    0.006    0.004    0.028    0.011    0.001    0.005    0.013    0.005    0.007    0.005    0.000    0.031    0.124    0.019    0.003    0.002    0.059    0.038    0.071    0.005    0.001    0.011    0.008    0.003    0.057    0.001    0.001    0.012    0.003    0.252    0.005    0.013    0.008    0.026    0.001    0.017    0.009    0.012    0.006    0.002    0.006    0.005    0.013    0.003    0.002    0.007    0.048    0.003    0.004    0.014    0.017    0.001    0.004    0.008    0.017    0.003    0.026    0.002    0.019    0.011    0.044    0.002    0.085    0.016    0.010    0.024    0.010    0.024    0.033    0.001    0.036    0.051    0.007    0.017    0.000    0.013    0.015    0.041    0.052    0.007    0.110    0.004    0.031  

 syst_unc_metMag_up = 0.000    0.028    0.036    0.094    0.597    0.005    0.034    0.074    0.008    0.036    0.038    0.006    0.158    0.557    0.071    0.005    0.031    0.347    0.048    0.028    0.351    0.005    0.009    0.092    0.010    0.000    0.003    0.038    0.024    0.056    0.058    0.078    0.049    0.160    0.213    0.251    0.705    0.020    0.066    0.021    0.343    0.003    0.040    0.033    0.025    0.014    0.008    0.029    0.001    0.063    0.140    0.373    0.031    0.055    0.035    0.104    0.230    0.090    0.028    0.053    0.119    0.046    0.007    0.135    0.053    0.057    0.015    0.150    0.128    0.005    0.061    0.042    0.006    0.013    0.086    0.064    0.019    0.069    0.115    0.063    0.039    0.005    0.210    0.051  
 syst_unc_metMag_dn = 0.001    0.044    0.051    0.111    0.001    0.002    0.012    0.028    0.030    0.001    0.005    0.025    0.056    0.012    0.038    0.075    0.063    0.262    0.041    0.187    0.033    0.007    0.014    0.016    0.004    0.103    0.006    0.002    0.036    0.065    0.073    0.072    0.021    0.007    0.082    0.193    0.124    0.015    0.027    0.016    0.103    0.027    0.016    0.018    0.021    0.023    0.016    0.004    0.006    0.080    0.079    0.038    0.013    0.092    0.336    0.080    0.062    0.143    0.006    0.003    0.009    0.021    0.022    0.114    0.098    0.130    0.026    0.053    0.152    0.108    0.010    0.054    0.135    0.132    0.041    0.022    0.010    0.007    0.027    0.016    0.097    0.016    0.183    0.312  

 syst_unc_metPhi_up = 0.000    0.005    0.023    0.003    0.011    0.004    0.004    0.016    0.005    0.000    0.001    0.002    0.005    0.052    0.025    0.012    0.011    0.002    0.003    0.026    0.018    0.004    0.004    0.014    0.007    0.076    0.005    0.013    0.041    0.005    0.027    0.027    0.026    0.006    0.003    0.141    0.001    0.018    0.005    0.000    0.000    0.000    0.028    0.027    0.016    0.012    0.022    0.006    0.010    0.005    0.068    0.027    0.014    0.027    0.026    0.050    0.000    0.007    0.006    0.035    0.077    0.006    0.026    0.026    0.011    0.045    0.007    0.000    0.040    0.101    0.007    0.000    0.000    0.029    0.048    0.004    0.018    0.015    0.013    0.005    0.009    0.012    0.019    0.005  
 syst_unc_metPhi_dn = 0.003    0.003    0.022    0.048    0.011    0.001    0.002    0.005    0.012    0.004    0.002    0.002    0.013    0.045    0.019    0.010    0.003    0.001    0.041    0.015    0.004    0.007    0.018    0.009    0.003    0.004    0.018    0.014    0.078    0.006    0.066    0.028    0.019    0.000    0.001    0.003    0.001    0.002    0.000    0.000    0.007    0.003    0.039    0.002    0.002    0.003    0.073    0.010    0.006    0.028    0.054    0.002    0.004    0.003    0.004    0.019    0.064    0.007    0.002    0.045    0.010    0.014    0.016    0.053    0.046    0.010    0.005    0.004    0.257    0.025    0.005    0.000    0.000    0.024    0.060    0.137    0.005    0.020    0.005    0.005    0.009    0.022    0.008    0.004  

 syst_unc_jec_up =   0.002    0.013    0.012    0.054    0.028    0.015    0.008    0.013    0.075    0.040    0.038    0.040    0.022    0.147    0.073    0.045    0.013    0.007    0.479    0.231    0.021    0.003    0.018    0.004    0.024    0.128    0.038    0.007    0.025    0.096    0.085    0.052    0.058    0.015    0.111    0.016    0.138    0.012    0.003    0.032    0.158    0.014    0.006    0.017    0.125    0.018    0.007    0.043    0.025    0.018    0.070    0.075    0.013    0.097    0.027    0.060    0.079    0.105    0.022    0.014    0.049    0.245    0.081    0.067    0.103    0.050    0.074    0.079    0.531    0.023    0.055    0.004    0.893    0.053    0.152    0.023    0.029    0.175    0.061    0.151    0.138    0.003    0.000    0.553  
 syst_unc_jec_dn =   0.010    0.002    0.012    0.021    0.142    0.002    0.025    0.071    0.004    0.003    0.007    0.030    0.007    0.083    0.024    0.038    0.003    0.004    0.117    0.020    0.037    0.005    0.015    0.080    0.129    0.006    0.009    0.004    0.076    0.332    0.018    0.003    0.054    0.122    0.030    0.081    0.156    0.009    0.039    0.039    0.063    0.003    0.047    0.019    0.033    0.021    0.010    0.028    0.012    0.037    0.032    0.179    0.006    0.006    0.010    0.076    0.218    0.050    0.030    0.016    0.125    0.090    0.063    0.102    0.030    0.063    0.269    0.233    0.435    0.120    0.016    0.146    0.053    0.041    0.142    0.025    0.122    0.021    0.112    0.156    0.011    0.494    0.026    0.192  

 syst_unc_SF_up =    0.122    0.129    0.113    0.143    0.139    0.126    0.120    0.132    0.130    0.137    0.130    0.128    0.151    0.245    0.158    0.130    0.121    0.145    0.180    0.193    0.150    0.125    0.123    0.125    0.123    0.140    0.127    0.108    0.136    0.123    0.150    0.146    0.192    0.154    0.165    0.126    0.137    0.118    0.116    0.120    0.163    0.121    0.141    0.101    0.107    0.123    0.145    0.131    0.152    0.159    0.216    0.136    0.120    0.129    0.135    0.156    0.106    0.188    0.152    0.167    0.132    0.126    0.130    0.120    0.120    0.130    0.129    0.168    0.108    0.141    0.152    0.179    0.610    0.115    0.143    0.149    0.174    0.138    0.169    0.268    0.167    0.166    0.106    0.286  
 syst_unc_SF_dn =    0.129    0.137    0.120    0.151    0.147    0.134    0.127    0.140    0.138    0.146    0.138    0.135    0.160    0.261    0.168    0.138    0.128    0.154    0.191    0.205    0.160    0.133    0.131    0.132    0.131    0.149    0.135    0.115    0.145    0.131    0.159    0.155    0.204    0.164    0.175    0.134    0.145    0.125    0.123    0.128    0.174    0.129    0.150    0.107    0.113    0.131    0.154    0.139    0.161    0.169    0.230    0.145    0.128    0.137    0.143    0.165    0.112    0.200    0.162    0.177    0.140    0.134    0.138    0.128    0.127    0.138    0.137    0.178    0.114    0.150    0.162    0.190    0.647    0.122    0.152    0.158    0.185    0.146    0.179    0.285    0.178    0.176    0.113    0.304  

## note : for special usage 
# fin_TF_to_mu =      1.373    1.199    1.221    1.023    1.285    1.280    1.476    1.253    1.203    1.050    1.196    1.189    1.267    0.539    0.964    1.130    1.296    1.337    1.394    0.641    1.072    1.314    1.269    1.328    1.302    0.961    1.161    1.523    1.182    1.122    0.988    0.988    0.730    1.484    0.902    1.005    0.881    1.392    1.444    1.636    0.905    1.203    1.052    1.400    2.769    1.408    1.218    1.010    0.925    0.840    0.728    1.177    1.236    1.310    0.878    1.002    1.715    1.144    0.883    0.834    1.248    1.151    1.178    1.300    1.346    1.048    1.865    1.684    0.827    1.108    0.936    0.884    0.317    1.216    0.976    1.075    0.839    1.129    1.152    0.589    0.853    1.056    0.985    0.364  
# fin_TFerr_to_mu =   0.019    0.066    0.133    0.215    0.221    0.023    0.086    0.138    0.200    0.046    0.064    0.116    0.204    0.166    0.178    0.141    0.169    0.366    0.545    0.267    0.229    0.026    0.084    0.174    0.258    0.283    0.067    0.202    0.297    0.390    0.180    0.147    0.158    0.424    0.272    0.394    0.414    0.072    0.160    0.411    0.410    0.095    0.141    0.307    0.678    0.099    0.126    0.229    0.046    0.092    0.156    0.356    0.094    0.171    0.185    0.234    0.480    0.398    0.044    0.094    0.272    0.435    0.102    0.202    0.345    0.172    0.682    0.699    0.369    0.452    0.144    0.268    0.130    0.193    0.248    0.127    0.176    0.179    0.367    0.169    0.208    0.464    0.492    0.154  

# fin_TF_to_ele =     1.678    1.633    1.526    1.061    1.415    1.527    1.629    1.493    1.560    1.209    1.496    1.506    1.262    0.823    0.965    1.241    1.236    0.868    1.178    1.593    1.099    1.662    1.675    1.603    2.237    1.750    1.424    1.732    1.337    1.074    0.955    1.226    0.827    1.333    0.650    1.648    0.784    1.769    1.981    1.960    2.328    1.623    1.479    1.453    1.897    1.655    1.246    1.216    1.064    1.004    0.529    1.451    1.552    1.193    1.075    0.880    1.527    0.715    1.051    1.014    0.975    1.152    1.451    1.504    1.563    1.213    1.816    2.431    1.234    2.073    1.243    1.742    0.297    1.559    0.972    1.040    1.410    1.400    1.767    1.224    0.817    2.028    1.191    1.687  
# fin_TFerr_to_ele =  0.024    0.096    0.177    0.212    0.264    0.028    0.098    0.171    0.275    0.055    0.085    0.157    0.215    0.185    0.182    0.158    0.170    0.231    0.445    0.598    0.262    0.035    0.119    0.221    0.479    0.586    0.086    0.231    0.325    0.386    0.181    0.199    0.190    0.409    0.308    0.755    0.376    0.098    0.243    0.502    1.236    0.137    0.210    0.325    0.608    0.121    0.160    0.384    0.054    0.114    0.111    0.466    0.127    0.156    0.228    0.194    0.416    0.268    0.054    0.120    0.214    0.407    0.133    0.256    0.404    0.208    0.709    0.939    0.598    0.874    0.204    0.617    0.128    0.270    0.252    0.151    0.289    0.227    0.560    0.235    0.212    0.785    0.618    0.527  

