luminosity = 35866.211
channels = 84
sample = comb

channel =            bin1    bin2    bin3    bin4    bin5    bin6    bin7    bin8    bin9    bin10   bin11   bin12   bin13   bin14   bin15   bin16   bin17   bin18   bin19   bin20   bin21   bin22   bin23   bin24   bin25   bin26   bin27   bin28   bin29   bin30   bin31   bin32   bin33   bin34   bin35   bin36   bin37   bin38   bin39   bin40   bin41   bin42   bin43   bin44   bin45   bin46   bin47   bin48   bin49   bin50   bin51   bin52   bin53   bin54   bin55   bin56   bin57   bin58   bin59   bin60   bin61   bin62   bin63   bin64   bin65   bin66   bin67   bin68   bin69   bin70   bin71   bin72   bin73   bin74   bin75   bin76   bin77   bin78   bin79   bin80   bin81   bin82   bin83   bin84   

 rate    =           1115.916  48.992   16.788   2.122    2.829    615.339  39.097   7.464    0.000  84.633   46.363   21.078   2.525    0.000  4.825    6.206    12.355   0.000  0.000  3.185    0.000  475.308  35.175   6.413    0.000  1.750    39.862   5.197    2.675    0.000  3.821    11.036   2.480    3.998    0.000  0.000  0.000  72.523   11.887   3.920    2.328    3.245    5.915    0.000  1.897    4.964    1.246    1.216    45.758   8.034    1.058    1.451    26.376   11.934   1.075    0.880    0.000  0.000  44.150   9.123    0.975    1.152    21.770   3.008    3.125    1.213    1.816    0.000  0.000  0.000  6.214    0.000  0.000  3.117    0.000  3.121    2.819    0.000  0.000  1.224    0.817    0.000  0.000  0.000  

# stat_unc_abs_up =   44.974   10.677   6.740    2.798    3.731    32.205   9.721    5.049    2.873    11.373   9.912    7.273    3.330    1.515    3.264    4.199    5.272    1.599    2.169    4.201    2.023    29.801   9.473    5.071    4.118    4.023    9.047    5.056    3.528    1.977    3.021    5.040    2.412    3.889    1.197    3.034    1.443    13.187   7.100    5.170    5.353    4.281    4.677    2.675    4.361    4.829    2.865    2.796    8.096    3.962    1.395    3.337    8.074    5.092    2.471    2.024    2.812    1.317    7.918    4.166    2.242    2.649    7.197    3.968    4.122    2.789    4.177    4.475    2.273    3.817    4.204    3.208    0.546    4.111    1.790    3.036    3.718    2.577    3.253    2.814    1.880    3.734    2.193    3.106  
# stat_unc_abs_dn =   43.263   8.895    4.984    1.370    1.827    30.640   7.925    3.224    0.000  10.092   8.282    5.565    1.631    0.000  2.084    2.681    3.841    0.000  0.000  2.057    0.000  28.090   7.614    3.069    0.000  1.447    7.488    2.829    1.728    0.000  1.829    3.609    1.350    2.176    0.000  0.000  0.000  11.280   4.715    2.532    1.926    2.096    2.831    0.000  1.569    2.702    1.031    1.006    6.951    2.780    0.683    1.200    6.334    3.710    0.889    0.728    0.000  0.000  6.785    2.984    0.807    0.953    5.558    1.943    2.019    1.003    1.503    0.000  0.000  0.000  2.684    0.000  0.000  2.013    0.000  1.698    1.821    0.000  0.000  1.012    0.676    0.000  0.000  0.000  
 stat_unc_up =       0.040    0.218    0.402    1.319    1.319    0.052    0.249    0.677    0.000  0.134    0.214    0.345    1.319    0.000  0.677    0.677    0.427    0.000  0.000  1.319    0.000  0.063    0.269    0.791    0.000  2.300    0.227    0.973    1.319    0.000  0.791    0.457    0.973    0.973    0.000  0.000  0.000  0.182    0.597    1.319    2.300    1.319    0.791    0.000  2.300    0.973    2.300    2.300    0.177    0.493    1.319    2.300    0.306    0.427    2.300    2.300    0.000  0.000  0.179    0.457    2.300    2.300    0.331    1.319    1.319    2.300    2.300    0.000  0.000  0.000  0.677    0.000  0.000  1.319    0.000  0.973    1.319    0.000  0.000  2.300    2.300    0.000  0.000  0.000  
 stat_unc_dn =       0.039    0.182    0.297    0.646    0.646    0.050    0.203    0.432    0.000  0.119    0.179    0.264    0.646    0.000  0.432    0.432    0.311    0.000  0.000  0.646    0.000  0.059    0.216    0.479    0.000  0.827    0.188    0.544    0.646    0.000  0.479    0.327    0.544    0.544    0.000  0.000  0.000  0.156    0.397    0.646    0.827    0.646    0.479    0.000  0.827    0.544    0.827    0.827    0.152    0.346    0.646    0.827    0.240    0.311    0.827    0.827    0.000  0.000  0.154    0.327    0.827    0.827    0.255    0.646    0.646    0.827    0.827    0.000  0.000  0.000  0.432    0.000  0.000  0.646    0.000  0.544    0.646    0.000  0.000  0.827    0.827    0.000  0.000  0.000  

 syst_unc_TF_stat_up = 0.014    0.059    0.116    0.200    0.187    0.019    0.060    0.115    0.176    0.046    0.057    0.104    0.171    0.225    0.189    0.128    0.138    0.266    0.378    0.376    0.239    0.021    0.071    0.138    0.214    0.335    0.061    0.134    0.243    0.359    0.189    0.162    0.230    0.307    0.473    0.458    0.480    0.056    0.123    0.256    0.531    0.085    0.142    0.224    0.321    0.073    0.128    0.316    0.051    0.114    0.209    0.321    0.082    0.131    0.212    0.221    0.272    0.375    0.052    0.119    0.219    0.353    0.092    0.170    0.259    0.172    0.390    0.386    0.485    0.422    0.164    0.354    0.433    0.173    0.259    0.145    0.205    0.162    0.317    0.192    0.260    0.387    0.519    0.312  
 syst_unc_TF_stat_dn = 0.014    0.059    0.116    0.200    0.187    0.019    0.060    0.115    0.176    0.046    0.057    0.104    0.171    0.225    0.189    0.128    0.138    0.266    0.378    0.376    0.239    0.021    0.071    0.138    0.214    0.335    0.061    0.134    0.243    0.359    0.189    0.162    0.230    0.307    0.473    0.458    0.480    0.056    0.123    0.256    0.531    0.085    0.142    0.224    0.321    0.073    0.128    0.316    0.051    0.114    0.209    0.321    0.082    0.131    0.212    0.221    0.272    0.375    0.052    0.119    0.219    0.353    0.092    0.170    0.259    0.172    0.390    0.386    0.485    0.422    0.164    0.354    0.433    0.173    0.259    0.145    0.205    0.162    0.317    0.192    0.260    0.387    0.519    0.312  

 syst_unc_ISR_up =   0.018    0.016    0.018    0.027    0.009    0.021    0.023    0.020    0.021    0.025    0.009    0.032    0.004    0.041    0.025    0.032    0.008    0.041    0.023    0.029    0.029    0.019    0.018    0.048    0.014    0.070    0.017    0.025    0.039    0.027    0.006    0.006    0.028    0.056    0.012    0.069    0.003    0.014    0.009    0.029    0.051    0.031    0.027    0.048    0.005    0.037    0.023    0.021    0.055    0.028    0.038    0.023    0.023    0.049    0.072    0.005    0.023    0.026    0.045    0.032    0.042    0.021    0.022    0.032    0.034    0.037    0.024    0.073    0.087    0.009    0.025    0.026    0.018    0.047    0.024    0.034    0.005    0.014    0.046    0.003    0.035    0.137    0.001    0.022  
 syst_unc_ISR_dn =   0.025    0.025    0.023    0.038    0.021    0.029    0.033    0.031    0.031    0.034    0.012    0.049    0.014    0.044    0.042    0.042    0.013    0.058    0.035    0.010    0.028    0.024    0.025    0.062    0.020    0.083    0.026    0.044    0.053    0.018    0.017    0.005    0.041    0.084    0.013    0.089    0.006    0.019    0.014    0.040    0.052    0.046    0.042    0.063    0.021    0.053    0.041    0.048    0.080    0.045    0.077    0.038    0.037    0.074    0.109    0.026    0.040    0.022    0.064    0.052    0.063    0.040    0.033    0.044    0.045    0.055    0.039    0.090    0.123    0.005    0.038    0.043    0.082    0.083    0.051    0.076    0.009    0.027    0.078    0.009    0.087    0.187    0.005    0.059  

 syst_unc_bTag_up =  0.000    0.001    0.003    0.006    0.003    0.000    0.002    0.003    0.004    0.000    0.001    0.001    0.003    0.000    0.002    0.002    0.004    0.002    0.001    0.005    0.002    0.001    0.001    0.005    0.005    0.003    0.000    0.005    0.003    0.014    0.015    0.007    0.003    0.005    0.010    0.004    0.003    0.003    0.002    0.002    0.016    0.005    0.004    0.003    0.002    0.002    0.013    0.009    0.001    0.003    0.003    0.003    0.001    0.000    0.001    0.000    0.003    0.008    0.002    0.001    0.001    0.005    0.000    0.000    0.001    0.000    0.001    0.004    0.002    0.014    0.002    0.010    0.013    0.010    0.002    0.009    0.001    0.003    0.005    0.002    0.004    0.004    0.032    0.005  
 syst_unc_bTag_dn =  0.039    0.182    0.297    0.646    0.646    0.050    0.203    0.432    0.004    0.119    0.179    0.264    0.646    0.000    0.432    0.432    0.311    0.002    0.000    0.646    0.002    0.059    0.216    0.479    0.005    0.827    0.188    0.544    0.646    0.015    0.479    0.327    0.544    0.544    0.010    0.004    0.004    0.156    0.397    0.646    0.827    0.646    0.479    0.003    0.827    0.544    0.827    0.827    0.152    0.346    0.646    0.827    0.240    0.311    0.827    0.827    0.003    0.008    0.154    0.327    0.827    0.827    0.255    0.646    0.646    0.827    0.827    0.004    0.003    0.014    0.432    0.011    0.013    0.646    0.002    0.544    0.646    0.003    0.005    0.827    0.827    0.004    0.034    0.005  

 syst_unc_pdfUnc_up = 0.002    0.007    0.375    0.004    0.033    0.001    0.004    0.022    0.007    0.002    0.000    0.000    0.025    0.018    0.013    0.003    0.001    0.035    0.058    0.026    0.060    0.000    0.009    0.008    0.024    0.009    0.001    0.000    0.005    0.063    0.068    0.001    0.006    0.072    0.006    0.017    0.007    0.006    0.001    0.023    0.022    0.003    0.010    0.011    0.022    0.008    0.033    0.003    0.002    0.003    0.000    0.007    0.000    0.001    0.047    0.003    0.007    0.004    0.011    0.004    0.001    0.035    0.004    0.001    0.005    0.003    0.010    0.027    0.011    0.042    0.003    0.014    0.057    0.007    0.006    0.001    0.005    0.015    0.001    0.005    0.004    0.017    0.004    0.007  
 syst_unc_pdfUnc_dn = 0.002    0.005    0.430    0.027    0.030    0.003    0.003    0.018    0.010    0.006    0.002    0.003    0.005    0.004    0.033    0.006    0.006    0.026    0.042    0.038    0.048    0.000    0.014    0.004    0.009    0.016    0.005    0.000    0.003    0.084    0.251    0.004    0.004    0.045    0.011    0.005    0.010    0.003    0.001    0.005    0.029    0.001    0.015    0.024    0.002    0.010    0.039    0.062    0.001    0.000    0.016    0.016    0.001    0.001    0.016    0.006    0.003    0.019    0.002    0.004    0.004    0.000    0.001    0.002    0.004    0.007    0.028    0.053    0.008    0.026    0.003    0.012    0.049    0.004    0.006    0.009    0.015    0.015    0.029    0.009    0.002    0.050    0.002    0.006  

 syst_unc_metMag_up = 0.001    0.002    0.082    0.021    0.889    0.003    0.041    0.026    0.099    0.017    0.055    0.062    0.093    0.167    0.049    0.080    0.022    0.493    0.693    0.173    0.518    0.014    0.000    0.009    0.040    0.000    0.005    0.127    0.063    0.075    0.050    0.062    0.036    0.009    0.401    0.007    0.995    0.008    0.026    0.013    0.493    0.005    0.011    0.025    0.098    0.019    0.025    0.034    0.007    0.008    0.028    0.356    0.032    0.021    0.019    0.005    0.102    0.212    0.011    0.015    0.068    0.005    0.020    0.050    0.099    0.013    0.133    0.367    0.130    0.092    0.028    0.015    0.017    0.059    0.021    0.015    0.003    0.141    0.168    0.006    0.054    0.051    0.299    0.461  
 syst_unc_metMag_dn = 0.002    0.015    0.030    0.129    0.039    0.000    0.030    0.079    0.078    0.013    0.012    0.014    0.010    0.032    0.046    0.020    0.038    0.010    0.116    0.104    0.003    0.002    0.014    0.059    0.108    0.110    0.008    0.118    0.121    0.231    0.019    0.007    0.067    0.048    0.212    0.149    0.221    0.007    0.006    0.022    0.048    0.062    0.054    0.092    0.016    0.059    0.060    0.024    0.016    0.085    0.047    0.042    0.017    0.035    0.094    0.003    0.003    0.021    0.004    0.020    0.120    0.046    0.031    0.020    0.118    0.018    0.046    0.007    0.003    0.002    0.079    0.004    0.137    0.102    0.005    0.005    0.001    0.002    0.090    0.005    0.102    0.013    0.043    0.001  

 syst_unc_metPhi_up = 0.001    0.002    0.027    0.010    0.004    0.007    0.008    0.011    0.016    0.013    0.008    0.002    0.002    0.001    0.003    0.001    0.005    0.001    0.001    0.001    0.004    0.002    0.015    0.034    0.054    0.047    0.016    0.009    0.072    0.032    0.009    0.016    0.008    0.026    0.018    0.013    0.001    0.005    0.016    0.000    0.000    0.011    0.041    0.000    0.008    0.009    0.026    0.000    0.000    0.022    0.034    0.004    0.011    0.029    0.001    0.042    0.005    0.003    0.010    0.036    0.013    0.003    0.011    0.007    0.037    0.012    0.128    0.001    0.023    0.096    0.040    0.008    0.000    0.017    0.051    0.004    0.011    0.009    0.008    0.023    0.005    0.017    0.013    0.002  
 syst_unc_metPhi_dn = 0.004    0.005    0.005    0.005    0.002    0.004    0.011    0.023    0.010    0.002    0.002    0.002    0.003    0.025    0.054    0.006    0.016    0.006    0.101    0.035    0.003    0.001    0.009    0.001    0.014    0.012    0.024    0.018    0.029    0.008    0.008    0.000    0.004    0.001    0.021    0.003    0.000    0.010    0.013    0.045    0.048    0.021    0.008    0.002    0.005    0.002    0.015    0.023    0.003    0.023    0.000    0.005    0.008    0.004    0.001    0.052    0.000    0.002    0.006    0.012    0.039    0.002    0.024    0.031    0.003    0.024    0.008    0.005    0.031    0.028    0.005    0.000  0.006    0.049    0.003    0.020    0.002    0.019    0.001    0.018    0.039    0.029    0.009    0.000  

 syst_unc_jec_up =   0.004    0.006    0.037    0.001    0.019    0.017    0.018    0.023    0.027    0.011    0.019    0.021    0.023    0.009    0.065    0.014    0.042    0.137    0.233    0.305    0.031    0.008    0.042    0.034    0.018    0.094    0.004    0.070    0.033    0.013    0.076    0.066    0.004    0.002    0.296    0.021    0.002    0.025    0.026    0.055    0.166    0.056    0.025    0.035    0.023    0.014    0.043    0.032    0.015    0.008    0.018    0.017    0.006    0.017    0.093    0.134    0.149    0.030    0.008    0.017    0.066    0.123    0.019    0.047    0.232    0.083    0.082    0.123    0.130    0.214    0.010    0.057    0.933    0.131    0.270    0.026    0.023    0.030    0.089    0.079    0.164    0.178    0.410    0.037  
 syst_unc_jec_dn =   0.005    0.008    0.036    0.051    0.095    0.000    0.048    0.047    0.050    0.017    0.038    0.030    0.048    0.018    0.011    0.026    0.041    0.016    0.168    0.209    0.044    0.003    0.015    0.054    0.121    0.019    0.004    0.025    0.017    0.193    0.016    0.020    0.006    0.126    0.650    0.053    0.040    0.028    0.035    0.081    0.109    0.037    0.016    0.031    0.039    0.020    0.014    0.034    0.060    0.022    0.032    0.015    0.015    0.015    0.026    0.140    0.144    0.050    0.031    0.037    0.004    0.231    0.024    0.196    0.103    0.072    0.500    0.009    0.016    0.276    0.021    0.366    0.055    0.009    0.077    0.138    0.130    0.032    0.281    0.165    0.210    0.651    0.021    0.208  

 syst_unc_SF_up =    0.106    0.113    0.097    0.125    0.123    0.111    0.103    0.115    0.113    0.121    0.114    0.113    0.135    0.231    0.143    0.112    0.103    0.128    0.165    0.177    0.134    0.109    0.106    0.107    0.106    0.125    0.111    0.093    0.121    0.107    0.133    0.129    0.175    0.139    0.147    0.107    0.121    0.103    0.099    0.111    0.148    0.105    0.124    0.083    0.090    0.106    0.129    0.115    0.134    0.142    0.199    0.119    0.103    0.112    0.115    0.139    0.089    0.178    0.134    0.149    0.115    0.108    0.113    0.102    0.108    0.115    0.115    0.152    0.092    0.126    0.135    0.161    0.602    0.096    0.126    0.132    0.157    0.122    0.151    0.253    0.150    0.149    0.086    0.271  
 syst_unc_SF_dn =    0.108    0.116    0.100    0.127    0.126    0.113    0.105    0.118    0.115    0.124    0.117    0.116    0.139    0.236    0.146    0.114    0.104    0.131    0.168    0.181    0.136    0.112    0.109    0.109    0.108    0.128    0.114    0.096    0.124    0.109    0.136    0.131    0.178    0.142    0.150    0.109    0.124    0.106    0.101    0.116    0.151    0.107    0.126    0.084    0.092    0.109    0.132    0.117    0.136    0.144    0.203    0.122    0.105    0.114    0.117    0.142    0.091    0.184    0.136    0.151    0.117    0.109    0.116    0.104    0.112    0.118    0.118    0.155    0.094    0.129    0.137    0.164    0.615    0.098    0.128    0.135    0.160    0.125    0.153    0.257    0.153    0.152    0.087    0.276  

## note : for special usage 
# fin_TF_to_mu =      1.373    1.199    1.221    1.023    1.285    1.280    1.476    1.253    1.203    1.050    1.196    1.189    1.267    0.539    0.964    1.130    1.296    1.337    1.394    0.641    1.072    1.314    1.269    1.328    1.302    0.961    1.161    1.523    1.182    1.122    0.988    0.988    0.730    1.484    0.902    1.005    0.881    1.392    1.444    1.636    0.905    1.203    1.052    1.400    2.769    1.408    1.218    1.010    0.925    0.840    0.728    1.177    1.236    1.310    0.878    1.002    1.715    1.144    0.883    0.834    1.248    1.151    1.178    1.300    1.346    1.048    1.865    1.684    0.827    1.108    0.936    0.884    0.317    1.216    0.976    1.075    0.839    1.129    1.152    0.589    0.853    1.056    0.985    0.364  
# fin_TFerr_to_mu =   0.019    0.066    0.133    0.215    0.221    0.023    0.086    0.138    0.200    0.046    0.064    0.116    0.204    0.166    0.178    0.141    0.169    0.366    0.545    0.267    0.229    0.026    0.084    0.174    0.258    0.283    0.067    0.202    0.297    0.390    0.180    0.147    0.158    0.424    0.272    0.394    0.414    0.072    0.160    0.411    0.410    0.095    0.141    0.307    0.678    0.099    0.126    0.229    0.046    0.092    0.156    0.356    0.094    0.171    0.185    0.234    0.480    0.398    0.044    0.094    0.272    0.435    0.102    0.202    0.345    0.172    0.682    0.699    0.369    0.452    0.144    0.268    0.130    0.193    0.248    0.127    0.176    0.179    0.367    0.169    0.208    0.464    0.492    0.154  

# fin_TF_to_ele =     1.678    1.633    1.526    1.061    1.415    1.527    1.629    1.493    1.560    1.209    1.496    1.506    1.262    0.823    0.965    1.241    1.236    0.868    1.178    1.593    1.099    1.662    1.675    1.603    2.237    1.750    1.424    1.732    1.337    1.074    0.955    1.226    0.827    1.333    0.650    1.648    0.784    1.769    1.981    1.960    2.328    1.623    1.479    1.453    1.897    1.655    1.246    1.216    1.064    1.004    0.529    1.451    1.552    1.193    1.075    0.880    1.527    0.715    1.051    1.014    0.975    1.152    1.451    1.504    1.563    1.213    1.816    2.431    1.234    2.073    1.243    1.742    0.297    1.559    0.972    1.040    1.410    1.400    1.767    1.224    0.817    2.028    1.191    1.687  
# fin_TFerr_to_ele =  0.024    0.096    0.177    0.212    0.264    0.028    0.098    0.171    0.275    0.055    0.085    0.157    0.215    0.185    0.182    0.158    0.170    0.231    0.445    0.598    0.262    0.035    0.119    0.221    0.479    0.586    0.086    0.231    0.325    0.386    0.181    0.199    0.190    0.409    0.308    0.755    0.376    0.098    0.243    0.502    1.236    0.137    0.210    0.325    0.608    0.121    0.160    0.384    0.054    0.114    0.111    0.466    0.127    0.156    0.228    0.194    0.416    0.268    0.054    0.120    0.214    0.407    0.133    0.256    0.404    0.208    0.709    0.939    0.598    0.874    0.204    0.617    0.128    0.270    0.252    0.151    0.289    0.227    0.560    0.235    0.212    0.785    0.618    0.527  

