QCD_Data_CS = 1315.000000 123.000000 27.000000 13.000000 11.000000 374.000000 29.000000 9.000000 11.000000 191.000000 45.000000 1.000000 2.000000 6.000000 20.000000 8.000000 6.000000 1.000000 3.000000 1.000000 6.000000 428.000000 48.000000 7.000000 3.000000 6.000000 97.000000 5.000000 2.000000 0.000000 28.000000 5.000000 4.000000 1.000000 1.000000 1.000000 0.000000 29.000000 7.000000 2.000000 0.000000 22.000000 11.000000 2.000000 0.000000 22.000000 9.000000 1.000000 82.000000 17.000000 6.000000 1.000000 23.000000 4.000000 6.000000 11.000000 5.000000 3.000000 42.000000 11.000000 4.000000 0.000000 6.000000 4.000000 1.000000 12.000000 0.000000 0.000000 1.000000 1.000000 5.000000 0.000000 1.000000 2.000000 2.000000 7.000000 2.000000 1.000000 1.000000 0.000000 2.000000 0.000000 2.000000 0.000000 

QCD_Data_CS_relative_err = 0.027576 0.090167 0.192450 0.277350 0.301511 0.051709 0.185695 0.333333 0.301511 0.072357 0.149071 1.000000 0.707107 0.408248 0.223607 0.353553 0.408248 1.000000 0.577350 1.000000 0.408248 0.048337 0.144338 0.377964 0.577350 0.408248 0.101535 0.447214 0.707107 0.000000 0.188982 0.447214 0.500000 1.000000 1.000000 1.000000 0.000000 0.185695 0.377964 0.707107 0.000000 0.213201 0.301511 0.707107 0.000000 0.213201 0.333333 1.000000 0.110432 0.242536 0.408248 1.000000 0.208514 0.500000 0.408248 0.301511 0.447214 0.577350 0.154303 0.301511 0.500000 0.000000 0.408248 0.500000 1.000000 0.288675 0.000000 0.000000 1.000000 1.000000 0.447214 0.000000 1.000000 0.707107 0.707107 0.377964 0.707107 1.000000 1.000000 0.000000 0.707107 0.000000 0.707107 0.000000 

QCD_otherBG_CS = 375.043774 52.868314 15.111825 7.454251 5.037570 135.345884 10.222695 5.081772 2.834420 60.718943 17.729661 3.316441 1.402768 2.619515 5.458847 5.966923 2.949377 0.640618 0.382669 0.892866 1.321683 190.005315 27.442742 9.200041 4.397315 1.810589 20.749493 2.154516 0.847483 1.470607 6.593945 3.783959 1.887890 0.394819 0.539208 0.519862 0.720464 21.252668 4.440490 1.186174 0.077446 11.599424 4.395896 1.547655 1.110778 3.748925 3.541181 1.752739 30.799934 8.532541 3.019127 1.389802 10.100411 4.467273 1.901208 3.275157 1.255954 0.363034 25.893646 7.141973 2.575754 1.136037 5.740728 1.831558 0.619274 3.988269 0.304591 0.314052 0.917212 0.647799 1.444510 0.163025 0.037630 2.887263 1.433935 1.842152 1.221611 0.371910 0.241705 0.160330 0.352794 0.108229 0.246684 0.000000 

QCD_otherBG_CS_relative_errup = 0.014861 0.039307 0.068244 0.100418 0.113652 0.025073 0.078845 0.118068 0.160703 0.036187 0.065800 0.140780 0.190043 0.202326 0.120164 0.113377 0.149746 0.222952 0.579754 0.248384 0.253918 0.020800 0.053599 0.090324 0.136577 0.197702 0.061691 0.189398 0.319803 0.460517 0.120877 0.142362 0.220030 0.493163 0.359453 0.432902 0.445555 0.063183 0.141785 0.274140 0.754705 0.081936 0.136549 0.222661 0.267522 0.146748 0.152932 0.234927 0.049377 0.090309 0.158862 0.243936 0.094178 0.175574 0.225057 0.140334 0.268360 0.532659 0.053555 0.100322 0.175878 0.262877 0.116203 0.207867 0.319264 0.144771 0.412280 0.453696 0.373438 0.393402 0.217439 0.623556 0.500398 0.149616 0.216989 0.188262 0.247552 0.454455 0.494495 0.534832 0.413886 0.834423 0.488001 1.000000 

QCD_otherBG_CS_relative_errdown = 0.014861 0.039307 0.068244 0.100418 0.113652 0.025073 0.078845 0.118068 0.160703 0.036187 0.065800 0.140780 0.190043 0.202326 0.120164 0.113377 0.149746 0.222952 0.579754 0.248384 0.253918 0.020800 0.053599 0.090324 0.136577 0.197702 0.061691 0.189398 0.319803 0.460517 0.120877 0.142362 0.220030 0.493163 0.359453 0.432902 0.445555 0.063183 0.141785 0.274140 0.754705 0.081936 0.136549 0.222661 0.267522 0.146748 0.152932 0.234927 0.049377 0.090309 0.158862 0.243936 0.094178 0.175574 0.225057 0.140334 0.268360 0.532659 0.053555 0.100322 0.175878 0.262877 0.116203 0.207867 0.319264 0.144771 0.412280 0.453696 0.373438 0.393402 0.217439 0.623556 0.500398 0.149616 0.216989 0.188262 0.247552 0.454455 0.494495 0.534832 0.413886 0.834423 0.488001 1.000000 

QCD_TFactor = 0.217807 0.092696 0.054177 0.054177 0.046498 0.222185 0.103412 0.054177 0.054177 0.018199 0.017965 0.011944 0.011944 0.018590 0.016460 0.011944 0.011944 0.011944 0.011944 0.011944 0.011944 0.215114 0.098796 0.054177 0.054177 0.047138 0.154357 0.058812 0.033061 0.011944 0.018711 0.021979 0.011944 0.011944 0.011944 0.011944 0.011944 0.261367 0.261367 0.261367 0.312132 0.261367 0.261367 0.261367 0.261367 0.261367 0.261367 0.261367 0.229571 0.119078 0.054177 0.054177 0.146350 0.046254 0.047138 0.019668 0.011944 0.011944 0.229571 0.119078 0.054177 0.054177 0.229571 0.119078 0.054177 0.017319 0.011944 0.011944 0.016895 0.011944 0.261367 0.312132 0.261367 0.261367 0.261367 0.261367 0.261367 0.261367 0.261367 0.312132 0.261367 0.312132 0.261367 0.312132 

QCD_TFactor_relative_err = 0.321831 1.615683 3.217116 3.217116 3.113568 0.302944 1.382258 3.217116 3.217116 0.443744 0.799617 1.000000 1.000000 0.478338 0.835969 1.000000 1.000000 1.000000 1.000000 1.000000 1.000000 0.333834 1.476588 3.217116 3.217116 3.123485 0.286662 1.053657 2.816617 1.145572 0.488771 0.727023 1.000000 1.000000 1.000000 1.000000 1.145572 0.123893 0.123893 0.123893 0.564080 0.123893 0.123893 0.123893 0.545435 0.123893 0.123893 0.123893 0.272710 1.116638 3.217116 3.217116 0.274692 0.977782 3.123485 0.566763 1.000000 1.000000 0.272710 1.116638 3.217116 3.265209 0.272710 1.116638 3.217116 0.359983 1.145572 1.145572 0.316574 1.000000 0.123893 0.564080 0.123893 0.123893 0.123893 0.123893 0.123893 0.123893 0.123893 0.564080 0.123893 0.564080 0.123893 0.564080 

QCD_NonClosure_relative_err = 0.252347 0.362052 5.035065 5.020396 0.723535 0.641099 0.576576 4.079903 0.794820 0.347915 0.379075 0.852107 0.852107 0.548422 0.729766 0.620521 0.620521 0.620521 0.232721 0.232721 0.232721 0.529394 1.116989 1.139140 1.139140 0.717032 1.411710 0.643958 0.778466 0.778466 0.608147 0.652435 0.785033 0.785033 0.438438 0.438438 0.438438 0.372796 0.495017 0.515447 0.858889 0.372796 0.495017 0.515447 0.858889 0.667929 2.400444 0.858889 0.759916 1.087982 1.047415 1.098270 0.488323 1.145931 1.543362 1.026113 1.125664 1.014115 0.790819 1.150138 1.111842 1.258203 1.105624 1.364778 1.696045 1.061162 1.528075 1.080416 1.230326 1.080511 1.000367 1.048217 1.060346 1.000367 1.048217 1.000367 1.048217 1.060346 1.093428 1.133572 1.154985 1.257849 1.135784 1.174481 

