channel =  1 2 3 4 5 6 7 8 9 10 11 12 13 14 15 16 17 18 19 20 21 22 23 24 25 26 27 28 29 30 31 32 33 34 35 36 37 38 39 40 41 42 43 44 45 46 47 48 49 50 51 52 53 54 55 56 57 58 59 60 61 62 63 64 65 66 67 68 69 70 71 72 73 74 75 76 77 78 79 80 81 82 83 84

rate =  8.30460 0.95250 0.12888 0 0.03727 6.01801 0.95705 0.25459 0.09287 0.52755 1.35022 0.35033 0.22247 0.01822 0.03990 0.03076 0.35797 0.06245 0 0.01963 0.16168 2.72894 0.32577 0.07372 0.05181 0.08746 0.76434 0.46463 0.09716 0.02159 0.06898 0.21755 0.12258 0.00949 0 0.02814 0.08161 0.30334 0.08573 0.08895 0.03591 0.01466 0.02265 0.00791 0.02856 0.01759 0.01457 0.01175 0.10627 0.03741 0 0 0.27833 0.24820 0.02809 0.05571 0.04173 0.04766 0.08149 0.01257 0 0 0.12598 0.03010 0.00739 0 0.01448 0.01594 0.00193 0.00914 0.02134 0.01689 0.00552 0.00506 0 0.00339 0 0 0.06086 0 0.00147 0 0 0

cs_event =   1167  117  15  0  8  925  153  38  10  115  228  82  43  2  6  23  54  16  0  3  28  495  52  18  11  11  101  58  14  5  6  35  23  3  0  4  14  45  17  14  6  3  4  2  5  7  3  2  35  4  0  0  42  18  6  7  11  8  26  3  0  0  20  8  2  0  4  7  1  4  8  5  2  4  0  2  0  0  4  0  1  0  0  0

avg_weight =   0.00712  0.00814  0.00859  0.05049  0.00466  0.00651  0.00626  0.00670  0.00929  0.00459  0.00592  0.00427  0.00517  0.00911  0.00665  0.00134  0.00663  0.00390  0.05049  0.00654  0.00577  0.00551  0.00626  0.00410  0.00471  0.00795  0.00757  0.00801  0.00694  0.00432  0.01150  0.00622  0.00533  0.00316  0.05049  0.00703  0.00583  0.00674  0.00504  0.00635  0.00598  0.00489  0.00566  0.00396  0.00571  0.00251  0.00486  0.00588  0.00304  0.00935  0.05049  0.05049  0.00663  0.01379  0.00468  0.00796  0.00379  0.00596  0.00313  0.00419  0.05049  0.05049  0.00630  0.00376  0.00370  0.05049  0.00362  0.00228  0.00193  0.00229  0.00267  0.00338  0.00276  0.00126  0.05049  0.00169  0.05049  0.05049  0.01521  0.05049  0.00147  0.05049  0.05049  0.05049

syst_unc_pdf_up =  0.06168 0.00582 0.00969 0.00000 0.00225 0.07456 0.01136 0.00473 0.00226 0.00333 0.01157 0.00713 0.00727 0.00016 0.00028 0.06621 0.01114 0.00307 0.00000 0.00072 0.00521 0.00781 0.00937 0.00148 0.00299 0.00231 0.01968 0.00312 0.00335 0.00120 0.00062 0.00220 0.00198 0.00702 0.00000 0.00428 0.00257 0.00410 0.00159 0.00763 0.00123 0.00009 0.00024 0.00047 0.00018 0.00233 0.00073 0.00031 0.00174 0.00028 0.00000 0.00000 0.00288 0.01125 0.00116 0.00011 0.00147 0.00104 0.00041 0.00055 0.00000 0.00000 0.01708 0.00023 0.00015 0.00000 0.00018 0.00093 0.00008 0.00009 0.00025 0.00103 0.00003 0.00013 0.00000 0.00002 0.00000 0.00000 0.00023 0.00000 0.00002 0.00000 0.00000 0.00000

syst_unc_pdf_down =   0.00802  0.00003  0.00681  0.00000  0.00187  0.02701  0.02360  0.00558  0.00149  0.00950  0.00908  0.00812  0.01381  0.00016  0.00015  0.03076  0.01547  0.00330  0.00000  0.00045  0.00349  0.00781  0.01574  0.00041  0.00206  0.00209  0.02302  0.00025  0.00220  0.00145  0.00083  0.00002  0.00281  0.00691  0.00000  0.00253  0.00181  0.00327  0.00131  0.00508  0.00096  0.00001  0.00017  0.00022  0.00005  0.00293  0.00057  0.00021  0.00141  0.00012  0.00000  0.00000  0.00220  0.01187  0.00096  0.00011  0.00167  0.00046  0.00041  0.00035  0.00000  0.00000  0.01721  0.00003  0.00007  0.00000  0.00017  0.00068  0.00011  0.00003  0.00007  0.00115  0.00003  0.00003  0.00000  0.00000  0.00000  0.00000  0.00036  0.00000  0.00001  0.00000  0.00000  0.00000

syst_unc_pu_up =  0.15449 0.00136 0.00411 0.00000 0.00136 0.02487 0.00698 0.01689 0.01122 0.00196 0.00363 0.00608 0.00006 0.01388 0.00191 0.01222 0.00509 0.00432 0.00000 0.00097 0.00132 0.02248 0.00133 0.00445 0.00341 0.00020 0.06391 0.00925 0.00271 0.00301 0.00027 0.00264 0.00716 0.00359 0.00000 0.00091 0.00120 0.00084 0.00386 0.00223 0.00323 0.00168 0.00036 0.00030 0.00001 0.00078 0.00123 0.00117 0.00823 0.00026 0.00000 0.00000 0.00159 0.00300 0.00619 0.00290 0.00100 0.00547 0.00035 0.00102 0.00000 0.00000 0.01063 0.00118 0.00042 0.00000 0.00081 0.00379 0.00063 0.00161 0.00137 0.00056 0.00182 0.00146 0.00000 0.00022 0.00000 0.00000 0.00323 0.00000 0.00037 0.00000 0.00000 0.00000

syst_unc_pu_down =   0.15803  0.00281  0.00423  0.00000  0.00158  0.02632  0.00721  0.01181  0.00849  0.00636  0.00363  0.00608  0.00021  0.00905  0.00187  0.01225  0.00425  0.00460  0.00000  0.00142  0.00129  0.01141  0.00081  0.00435  0.00303  0.00087  0.05171  0.01004  0.00337  0.00238  0.00077  0.00394  0.00607  0.00160  0.00000  0.00097  0.00197  0.00228  0.00477  0.00228  0.00336  0.00156  0.00036  0.00042  0.00009  0.00051  0.00158  0.00140  0.00859  0.00026  0.00000  0.00000  0.00159  0.00460  0.00452  0.00351  0.00079  0.00563  0.00035  0.00093  0.00000  0.00000  0.01178  0.00118  0.00042  0.00000  0.00088  0.00638  0.00047  0.00172  0.00131  0.00065  0.00142  0.00126  0.00000  0.00016  0.00000  0.00000  0.00323  0.00000  0.00038  0.00000  0.00000  0.00000

syst_unc_scale_up =  0.32978 0.06299 0.00457 0.00000 0.00429 0.12888 0.02990 0.01304 0.00865 0.03623 0.08744 0.04176 0.02232 0.00167 0.00419 0.04518 0.01179 0.00262 0.00000 0.00171 0.00263 0.07242 0.00270 0.00566 0.00681 0.01121 0.08670 0.05295 0.00140 0.00027 0.00574 0.01562 0.00532 0.00734 0.00000 0.00060 0.00317 0.03762 0.00321 0.00285 0.00114 0.00263 0.00296 0.00102 0.00209 0.00424 0.00316 0.00115 0.00289 0.00072 0.00000 0.00000 0.00450 0.03902 0.00071 0.00219 0.00156 0.00362 0.00102 0.00036 0.00000 0.00000 0.07726 0.00082 0.00040 0.00000 0.00067 0.00259 0.00042 0.00207 0.00072 0.00025 0.00020 0.00049 0.00000 0.00042 0.00000 0.00000 0.00998 0.00000 0.00004 0.00000 0.00000 0.00000

syst_unc_scale_down =   0.23055  0.02650  0.00457  0.00000  0.00509  0.10240  0.03437  0.01625  0.01303  0.08200  0.00816  0.04176  0.01453  0.00038  0.00303  0.03076  0.00847  0.00262  0.00000  0.00108  0.00238  0.05278  0.00270  0.00648  0.00647  0.00747  0.04673  0.03518  0.00346  0.00053  0.00419  0.01093  0.00318  0.00949  0.00000  0.00036  0.00660  0.02027  0.00308  0.00111  0.00144  0.00156  0.00201  0.00073  0.00147  0.00237  0.00208  0.00088  0.00219  0.00013  0.00000  0.00000  0.00450  0.01514  0.00071  0.00142  0.00120  0.00287  0.00102  0.00068  0.00000  0.00000  0.11905  0.00186  0.00028  0.00000  0.00044  0.00506  0.00050  0.00123  0.00007  0.00020  0.00015  0.00052  0.00000  0.00019  0.00000  0.00000  0.00287  0.00000  0.00004  0.00000  0.00000  0.00000

syst_unc_isr_up =  0.85327 0.11864 0.00661 0.00000 0.00675 0.63339 0.08736 0.03363 0.00328 0.09339 0.19004 0.04909 0.03960 0.00177 0.00550 0.02260 0.05622 0.01138 0.00000 0.00352 0.03581 0.28600 0.04611 0.00671 0.00974 0.01977 0.06713 0.06831 0.01595 0.00221 0.01250 0.02442 0.02011 0.00046 0.00000 0.00371 0.01206 0.01619 0.01284 0.01516 0.00151 0.00293 0.00674 0.00260 0.00671 0.00048 0.00467 0.00354 0.01508 0.00968 0.00000 0.00000 0.03293 0.02632 0.00046 0.01551 0.00376 0.00717 0.00881 0.00650 0.00000 0.00000 0.02790 0.00438 0.00120 0.00000 0.00057 0.00650 0.00003 0.00034 0.00546 0.00245 0.00249 0.00022 0.00000 0.00052 0.00000 0.00000 0.02282 0.00000 0.00019 0.00000 0.00000 0.00000

syst_unc_isr_down =   0.87742  0.12473  0.00674  0.00000  0.00674  0.64945  0.08904  0.03502  0.00316  0.09787  0.19601  0.04956  0.04060  0.00202  0.00573  0.02395  0.05826  0.01180  0.00000  0.00360  0.03689  0.29617  0.04787  0.00687  0.01005  0.02072  0.07063  0.07142  0.01681  0.00240  0.01344  0.02502  0.02054  0.00054  0.00000  0.00377  0.01234  0.01624  0.01322  0.01548  0.00153  0.00302  0.00697  0.00270  0.00713  0.00053  0.00482  0.00370  0.01612  0.01029  0.00000  0.00000  0.03479  0.02902  0.00047  0.01686  0.00399  0.00760  0.00935  0.00672  0.00000  0.00000  0.03168  0.00456  0.00123  0.00000  0.00063  0.00673  0.00003  0.00038  0.00566  0.00265  0.00257  0.00025  0.00000  0.00059  0.00000  0.00000  0.02631  0.00000  0.00022  0.00000  0.00000  0.00000

syst_unc_btag_up =  0.06820 0.01768 0.00142 0.00000 0.00022 0.05616 0.00542 0.00228 0.00035 0.00819 0.01629 0.00198 0.00157 0.00004 0.00012 0.00240 0.00138 0.00086 0.00000 0.00001 0.00112 0.07976 0.00824 0.00259 0.00091 0.00251 0.01944 0.00897 0.00234 0.00059 0.00272 0.00780 0.00400 0.00047 0.00000 0.00073 0.00236 0.01544 0.00405 0.00314 0.00261 0.00048 0.00077 0.00017 0.00086 0.00050 0.00043 0.00092 0.00003 0.00067 0.00000 0.00000 0.00162 0.00176 0.00008 0.00151 0.00037 0.00058 0.00194 0.00007 0.00000 0.00000 0.00037 0.00063 0.00020 0.00000 0.00026 0.00028 0.00006 0.00020 0.00079 0.00049 0.00004 0.00016 0.00000 0.00028 0.00000 0.00000 0.00027 0.00000 0.00004 0.00000 0.00000 0.00000

syst_unc_btag_down =   0.07051  0.01787  0.00153  0.00000  0.00030  0.05801  0.00570  0.00237  0.00037  0.00839  0.01671  0.00219  0.00162  0.00005  0.00013  0.00238  0.00150  0.00087  0.00000  0.00002  0.00116  0.07917  0.00825  0.00255  0.00093  0.00246  0.01940  0.00891  0.00233  0.00058  0.00273  0.00773  0.00398  0.00052  0.00000  0.00074  0.00239  0.01495  0.00392  0.00308  0.00247  0.00049  0.00077  0.00017  0.00085  0.00047  0.00042  0.00086  0.00014  0.00068  0.00000  0.00000  0.00172  0.00183  0.00009  0.00153  0.00039  0.00061  0.00196  0.00008  0.00000  0.00000  0.00046  0.00062  0.00020  0.00000  0.00027  0.00029  0.00007  0.00020  0.00077  0.00049  0.00004  0.00016  0.00000  0.00027  0.00000  0.00000  0.00031  0.00000  0.00004  0.00000  0.00000  0.00000

