channel =  1 2 3 4 5 6 7 8 9 10 11 12 13 14 15 16 17 18 19 20 21 22 23 24 25 26 27 28 29 30 31 32 33 34 35 36 37 38 39 40 41 42 43 44 45 46 47 48 49 50 51 52 53 54 55 56 57 58 59 60 61 62 63 64 65 66 67 68 69 70 71 72 73 74 75 76 77 78 79 80 81 82 83 84

rate =  17.33588 1.39455 0.23278 0.01781 0.17187 17.53635 2.28609 0.44350 0.18510 2.74835 3.49609 1.21648 0.31964 0 0.10519 0.54156 0.68282 0.20836 0 0 0.10608 14.42038 1.49079 0.41368 0.11928 0.20359 3.50825 1.73426 0.33697 0.13532 0.13131 0.78391 0.79512 0.37039 0.01167 0.20962 0.27411 2.02401 0.79363 0.27661 0.19422 0.15323 0.14804 0.18959 0.03341 0.04493 0.05384 0.03462 1.48385 0.13784 0.00284 0.10422 2.35103 1.44409 0.14021 0.32856 0.59122 0.28603 1.04158 0.22644 0.02955 0 2.00292 0.36791 0.09378 1.03105 0.35827 0.39105 0.09612 0.32900 0.23799 0.18934 0.07752 0.04458 0.01416 0.00922 0.02952 0.04552 0.06907 0.00735 0.03875 0 0 0

cs_event =  1681 131 25 2 18 1694 226 43 17 269 342 121 32 0 9 52 69 22 0 0 10 1461 156 43 15 23 349 179 38 13 16 88 85 35 2 20 30 224 70 31 18 21 18 20 3 4 6 3 139 9 0 12 223 140 19 30 58 34 111 28 5 0 211 41 9 109 37 44 10 36 32 22 9 6 1 2 3 7 8 0 4 2 0 0

avg_weight =   0.01031  0.01065  0.00931  0.00890  0.00955  0.01035  0.01012  0.01031  0.01089  0.01022  0.01022  0.01005  0.00999  0.01034  0.01169  0.01041  0.00990  0.00947  0.01034  0.01034  0.01061  0.00987  0.00956  0.00962  0.00795  0.00885  0.01005  0.00969  0.00887  0.01041  0.00821  0.00891  0.00935  0.01058  0.00583  0.01048  0.00914  0.00904  0.01134  0.00892  0.01079  0.00730  0.00822  0.00948  0.01114  0.01123  0.00897  0.01154  0.01068  0.01532  0.01034  0.00869  0.01054  0.01031  0.00738  0.01095  0.01019  0.00841  0.00938  0.00809  0.00591  0.01034  0.00949  0.00897  0.01042  0.00946  0.00968  0.00889  0.00961  0.00914  0.00744  0.00861  0.00861  0.00743  0.01416  0.00461  0.00984  0.00650  0.00863  0.01034  0.00969  0.01034  0.01034  0.01034

syst_unc_pdf_up =  0.00723 0.00859 0.02153 0.00116 0.00747 0.00741 0.03021 0.00268 0.01249 0.00784 0.01347 0.01740 0.01280 0.00000 0.00118 0.01503 0.00281 0.01110 0.00000 0.00000 0.01891 0.04416 0.00706 0.00887 0.00696 0.01103 0.02619 0.02168 0.00300 0.00153 0.00121 0.00210 0.02694 0.01461 0.00025 0.00183 0.01639 0.00681 0.00386 0.00034 0.00734 0.00515 0.00480 0.00360 0.00250 0.00130 0.00095 0.00777 0.00804 0.00473 0.00066 0.00246 0.01168 0.01514 0.01339 0.00117 0.00942 0.00991 0.00545 0.00320 0.00070 0.00000 0.00737 0.00764 0.00271 0.00723 0.00505 0.01274 0.00026 0.00003 0.00129 0.00199 0.00970 0.00019 0.00218 0.00268 0.00143 0.00198 0.00421 0.00029 0.00091 0.00000 0.00000 0.00000

syst_unc_pdf_down =   0.00723  0.00900  0.02423  0.00128  0.00649  0.00153  0.04309  0.00765  0.01123  0.00278  0.00598  0.00523  0.01256  0.00000  0.00178  0.01142  0.00281  0.01235  0.00000  0.00000  0.03725  0.03363  0.00706  0.00847  0.00486  0.01094  0.02042  0.01592  0.00086  0.00125  0.00106  0.00210  0.02984  0.01290  0.00008  0.00070  0.01548  0.01240  0.00203  0.00074  0.01072  0.00426  0.00465  0.00316  0.00272  0.00083  0.00119  0.00609  0.00510  0.02361  0.00044  0.00175  0.00958  0.00904  0.01145  0.00011  0.00743  0.00991  0.00313  0.00244  0.00089  0.00000  0.00036  0.00699  0.00309  0.00466  0.00355  0.00945  0.00009  0.00074  0.00073  0.00126  0.01819  0.00053  0.00183  0.00229  0.00104  0.00136  0.00283  0.00021  0.00069  0.00000  0.00000  0.00000

syst_unc_pu_up =  0.18060 0.02713 0.00729 0.00866 0.00538 0.11515 0.02469 0.05735 0.00176 0.00921 0.00564 0.04584 0.00619 0.00000 0.01302 0.01548 0.00687 0.00442 0.00000 0.00000 0.02365 0.02228 0.00518 0.01662 0.00495 0.00847 0.01419 0.06699 0.00789 0.01422 0.01177 0.00454 0.00447 0.03665 0.00065 0.00630 0.01974 0.03843 0.01513 0.00432 0.01173 0.00615 0.00058 0.00605 0.00402 0.00909 0.00478 0.00268 0.00907 0.01437 0.00438 0.01285 0.01813 0.00161 0.02249 0.00752 0.01534 0.00646 0.00608 0.00755 0.00307 0.00000 0.03192 0.01096 0.00638 0.02403 0.00922 0.00356 0.00419 0.00778 0.01503 0.00139 0.00355 0.00112 0.00772 0.00308 0.00368 0.00128 0.00532 0.00228 0.00592 0.00000 0.00000 0.00000

syst_unc_pu_down =   0.17161  0.02245  0.00805  0.00677  0.00605  0.12041  0.01704  0.06402  0.00316  0.01408  0.01626  0.05012  0.00290  0.00000  0.01215  0.01787  0.01417  0.00502  0.00000  0.00000  0.02837  0.01086  0.00518  0.01798  0.00302  0.00731  0.01419  0.06481  0.00633  0.01385  0.01201  0.00454  0.00447  0.03622  0.00015  0.00557  0.01286  0.02927  0.02034  0.00432  0.00937  0.00286  0.00058  0.00913  0.00516  0.01065  0.00638  0.00347  0.00907  0.01595  0.00284  0.01393  0.02680  0.00631  0.02045  0.00398  0.01205  0.00093  0.00608  0.00866  0.00257  0.00000  0.04648  0.00370  0.00685  0.01780  0.01290  0.00648  0.00428  0.00841  0.00878  0.00202  0.00547  0.00088  0.00644  0.00314  0.00397  0.00182  0.00601  0.00248  0.00624  0.00000  0.00000  0.00000

syst_unc_scale_up =  0.12818 0.02709 0.01663 0.01821 0.00217 0.11587 0.05640 0.01442 0.01561 0.01875 0.12778 0.05434 0.01564 0.00000 0.00084 0.01371 0.00241 0.02064 0.00000 0.00000 0.01529 0.28172 0.02523 0.01179 0.00416 0.01778 0.09280 0.02041 0.02310 0.00551 0.00546 0.02367 0.01270 0.02341 0.00307 0.01322 0.02879 0.02382 0.02303 0.01018 0.00901 0.01695 0.00249 0.02125 0.00793 0.00799 0.00021 0.00505 0.09098 0.01692 0.01441 0.00851 0.04274 0.02582 0.03079 0.00122 0.00514 0.01643 0.04228 0.00031 0.00100 0.00000 0.02880 0.02865 0.00563 0.00592 0.01450 0.03573 0.01161 0.00686 0.01847 0.01078 0.00207 0.01215 0.01178 0.00267 0.00499 0.00641 0.00297 0.00496 0.00225 0.00000 0.00000 0.00000

syst_unc_scale_down =   0.15108  0.03776  0.02666  0.01781  0.00217  0.15559  0.04513  0.02096  0.00861  0.03789  0.18526  0.07570  0.00995  0.00000  0.00264  0.01609  0.01307  0.01174  0.00000  0.00000  0.02401  0.36479  0.04233  0.01653  0.00569  0.01080  0.13415  0.02463  0.01531  0.00732  0.01191  0.03650  0.01868  0.03156  0.00202  0.00736  0.01613  0.01718  0.04033  0.01694  0.01185  0.02564  0.00249  0.01837  0.01075  0.01171  0.00036  0.00374  0.12888  0.02373  0.00284  0.00493  0.05741  0.02015  0.04406  0.00057  0.00627  0.02705  0.06405  0.00031  0.00117  0.00000  0.04772  0.04224  0.00905  0.01602  0.00733  0.02347  0.00770  0.00826  0.02364  0.00514  0.00142  0.01782  0.01416  0.00545  0.00348  0.00446  0.00159  0.00735  0.00313  0.00000  0.00000  0.00000

syst_unc_isr_up =  0.02586 0.00054 0.00128 0.00245 0.00696 0.02259 0.03643 0.00941 0.00147 0.05467 0.01652 0.00839 0.00916 0.00000 0.00331 0.01372 0.01942 0.00889 0.00000 0.00000 0.00212 0.06200 0.00566 0.00084 0.00031 0.00810 0.00683 0.00547 0.00280 0.00307 0.00696 0.00301 0.00088 0.00807 0.00150 0.00840 0.00686 0.02627 0.01487 0.00500 0.00619 0.01745 0.01014 0.01605 0.00232 0.00562 0.00347 0.00171 0.01955 0.01017 0.00120 0.01018 0.02927 0.02191 0.00069 0.00193 0.00466 0.02005 0.03935 0.02277 0.00287 0.00000 0.03898 0.01056 0.00100 0.00608 0.01760 0.02248 0.00654 0.00026 0.01199 0.00808 0.00565 0.00768 0.00387 0.00329 0.00132 0.00606 0.01477 0.00159 0.00034 0.00000 0.00000 0.00000

syst_unc_isr_down =   0.01902  0.00019  0.00111  0.00223  0.00757  0.01602  0.03921  0.00848  0.00130  0.05905  0.01417  0.00883  0.00993  0.00000  0.00359  0.01486  0.02106  0.00967  0.00000  0.00000  0.00191  0.05286  0.00576  0.00066  0.00030  0.00881  0.00646  0.00548  0.00296  0.00332  0.00758  0.00254  0.00074  0.00873  0.00163  0.00913  0.00743  0.02817  0.01337  0.00539  0.00560  0.01906  0.01105  0.01752  0.00211  0.00614  0.00378  0.00187  0.02097  0.00926  0.00109  0.01112  0.03136  0.02356  0.00059  0.00202  0.00492  0.02186  0.04277  0.02485  0.00313  0.00000  0.04209  0.00955  0.00089  0.00636  0.01916  0.02450  0.00713  0.00019  0.01305  0.00879  0.00617  0.00840  0.00353  0.00360  0.00144  0.00662  0.01614  0.00174  0.00036  0.00000  0.00000  0.00000

syst_unc_btag_up =  0.07235 0.00482 0.00033 0.00107 0.00239 0.06426 0.00971 0.00179 0.00046 0.01951 0.01322 0.00539 0.00184 0.00000 0.00020 0.00085 0.00083 0.00071 0.00000 0.00000 0.00052 0.32619 0.03416 0.00944 0.00336 0.00464 0.07938 0.04124 0.00762 0.00228 0.00195 0.01851 0.01922 0.00859 0.00032 0.00499 0.00641 0.11006 0.04647 0.01543 0.01376 0.00600 0.01016 0.00960 0.00238 0.00441 0.00216 0.00219 0.02035 0.00056 0.00016 0.00133 0.02713 0.01537 0.00327 0.00377 0.00674 0.00353 0.02615 0.00481 0.00028 0.00000 0.04074 0.00684 0.00268 0.02254 0.00745 0.00867 0.00249 0.00350 0.01153 0.00728 0.00545 0.00138 0.00130 0.00248 0.00020 0.00242 0.00114 0.00048 0.00050 0.00000 0.00000 0.00000

syst_unc_btag_down =   0.07996  0.00554  0.00048  0.00107  0.00245  0.07239  0.01064  0.00205  0.00055  0.02069  0.01486  0.00606  0.00206  0.00000  0.00023  0.00103  0.00116  0.00089  0.00000  0.00000  0.00059  0.32822  0.03437  0.00952  0.00337  0.00469  0.07969  0.04151  0.00769  0.00232  0.00203  0.01850  0.01939  0.00869  0.00032  0.00505  0.00641  0.10692  0.04513  0.01501  0.01326  0.00580  0.00977  0.00931  0.00224  0.00419  0.00204  0.00209  0.02075  0.00064  0.00016  0.00136  0.02804  0.01597  0.00330  0.00397  0.00701  0.00377  0.02631  0.00484  0.00031  0.00000  0.04095  0.00678  0.00266  0.02260  0.00749  0.00879  0.00249  0.00365  0.01130  0.00712  0.00527  0.00134  0.00123  0.00227  0.00026  0.00233  0.00115  0.00050  0.00054  0.00000  0.00000  0.00000

syst_unc_rate_up =  5.20077 0.41837 0.06983 0.00534 0.05156 5.26091 0.68583 0.13305 0.05553 0.82450 1.04883 0.36494 0.09589 0 0.03156 0.16247 0.20485 0.06251 0 0 0.03182 4.32612 0.44724 0.12410 0.03579 0.06108 1.05247 0.52028 0.10109 0.04060 0.03939 0.23517 0.23853 0.11112 0.00350 0.06288 0.08223 0.60720 0.23809 0.08298 0.05826 0.04597 0.04441 0.05688 0.01002 0.01348 0.01615 0.01039 0.44516 0.04135 0.00085 0.03127 0.70531 0.43323 0.04206 0.09857 0.17737 0.08581 0.31248 0.06793 0.00886 0 0.60088 0.11037 0.02813 0.30932 0.10748 0.11731 0.02883 0.09870 0.07140 0.05680 0.02326 0.01337 0.00425 0.00276 0.00886 0.01366 0.02072 0.00221 0.01163 0 0 0

syst_unc_rate_down =  5.20077 0.41837 0.06983 0.00534 0.05156 5.26091 0.68583 0.13305 0.05553 0.82450 1.04883 0.36494 0.09589 0 0.03156 0.16247 0.20485 0.06251 0 0 0.03182 4.32612 0.44724 0.12410 0.03579 0.06108 1.05247 0.52028 0.10109 0.04060 0.03939 0.23517 0.23853 0.11112 0.00350 0.06288 0.08223 0.60720 0.23809 0.08298 0.05826 0.04597 0.04441 0.05688 0.01002 0.01348 0.01615 0.01039 0.44516 0.04135 0.00085 0.03127 0.70531 0.43323 0.04206 0.09857 0.17737 0.08581 0.31248 0.06793 0.00886 0 0.60088 0.11037 0.02813 0.30932 0.10748 0.11731 0.02883 0.09870 0.07140 0.05680 0.02326 0.01337 0.00425 0.00276 0.00886 0.01366 0.02072 0.00221 0.01163 0 0 0

