luminosity = 36     # in pb-1 (FIXED)
channels = 53     # total number of channels -> following our search bin definition (FIXED)
sample = comb     # name of the background: hadtau, lostle, zinv, qcd, ttz
channel = bin1 bin2 bin3 bin4 bin5 bin6 bin7 bin8 bin9 bin10 bin11 bin12 bin13 bin14 bin15 bin16 bin17 bin18 bin19 bin20 bin21 bin22 bin23 bin24 bin25 bin26 bin27 bin28 bin29 bin30 bin31 bin32 bin33 bin34 bin35 bin36 bin37 bin38 bin39 bin40 bin41 bin42 bin43 bin44 bin45 bin46 bin47 bin48 bin49 bin50 bin51 bin52 bin53 

# Predicted central numbers (need from all backgrounds)
rate = 775.615 409.978 166.513 131.325 97.7392 52.4884 26.086 23.9511 14.0053 7.90626 3.52831 1.93641 2.73914 1.82654 0.665947 0.439954 273.289 56.0909 5.45186 1.13279 182.261 31.5832 2.98731 0.805569 17.5888 7.34056 3.36237 1.78277 13.1909 5.15588 1.98512 1.52605 19.8185 3.55971 0.921148 26.4247 4.84481 0.702438 59.2772 9.71342 1.72967 28.7097 6.88533 2.86879 1.75738 0.705256 0.414151 5.10398 1.9566 1.14598 5.67205 2.31287 1.58848 
# fin_TF_to_mu = 0.661016 0.768592 0.775524 0.772042 0.538656 0.541775 0.567058 0.529189 0.800058 1.128 0.90432 0.833406 0.516464 0.926635 0.734805 0.517199 0.976352 1.25442 1.55023 1.38649 1.10941 1.44148 0.854177 1.81451 0.837315 0.920773 1.09543 0.938223 0.954813 1.21073 0.607601 0.873334 0.962876 1.31275 0.683568 0.724769 0.81701 1.33547 0.652643 0.759343 1.35953 0.619374 0.636207 0.919921 0.815144 1.29875 0.485441 0.708147 0.730196 1.27016 0.696619 0.711099 1.05836 
# fin_TF_to_ele = 0.787888 0.879646 0.874186 0.909656 0.640032 0.630609 0.643323 0.607629 1.05442 1.11388 0.85951 1.01519 0.629673 0.801167 0.629027 0.584315 1.29932 1.66441 1.57946 1.31355 1.36959 1.5953 1.40955 1.60924 0.973496 1.15215 1.50808 0.932212 1.29243 1.51065 1.20591 1.34797 1.13327 1.10996 0.726951 0.985761 1.53385 1.32798 0.819782 1.10157 1.0319 0.835893 0.692168 1.00545 0.646491 1.44257 0.581254 0.884885 0.867123 0.996667 0.971603 0.965407 1.74871 
# stat_unc_abs_up = 12.5022 6.03878 2.67049 2.50813 2.80644 2.14372 1.17842 1.15105 1.4123 0.602197 0.709506 0.273323 0.602211 0.252776 0.192205 0.217558 7.54863 2.84552 0.467741 0.234434 4.96776 1.85686 0.6113 0.195909 1.29614 0.704668 0.452344 0.294875 1.34355 0.965356 0.94631 0.652739 1.88031 0.556848 0.304124 2.16198 0.825614 0.201588 3.10808 1.22832 0.353969 2.1482 0.96041 0.495999 0.415387 0.148508 0.242508 0.792236 0.502517 0.277035 0.827717 0.50535 0.358163 
# stat_unc_abs_dn = 12.5022 6.03878 2.67049 2.50813 2.80644 2.14372 1.17842 1.15105 1.4123 0.602197 0.709506 0.273323 0.602211 0.252776 0.192205 0.217558 7.54863 2.84552 0.467741 0.234434 4.96776 1.85686 0.6113 0.195909 1.29614 0.704668 0.452344 0.294875 1.34355 0.965356 0.94631 0.652739 1.88031 0.556848 0.304124 2.16198 0.825614 0.201588 3.10808 1.22832 0.353969 2.1482 0.96041 0.495999 0.415387 0.148508 0.242508 0.792236 0.502517 0.277035 0.827717 0.50535 0.358163 
stat_unc_up = 0.0106549 0.011321 0.0124377 0.014745 0.0154667 0.0221271 0.0256164 0.0254321 0.080678 0.0859162 0.181849 0.117635 0.113547 0.128238 0.212078 0.255756 0.0269682 0.0636375 0.133002 0.286936 0.0302383 0.0847486 0.174792 0.441278 0.0617029 0.0883909 0.147369 0.155185 0.0972516 0.22669 0.289645 0.373551 0.0913543 0.205354 0.225685 0.0592982 0.139228 0.383259 0.03422 0.0960236 0.278221 0.0463446 0.0887422 0.15905 0.192673 0.273481 0.284252 0.109918 0.187537 0.307057 0.101657 0.155371 0.238636 
stat_unc_dn = 0.0106549 0.011321 0.0124377 0.014745 0.0154667 0.0221271 0.0256164 0.0254321 0.080678 0.0859162 0.181849 0.117635 0.113547 0.128238 0.212078 0.255756 0.0269682 0.0636375 0.133002 0.286936 0.0302383 0.0847486 0.174792 0.441278 0.0617029 0.0883909 0.147369 0.155185 0.0972516 0.22669 0.289645 0.373551 0.0913543 0.205354 0.225685 0.0592982 0.139228 0.383259 0.03422 0.0960236 0.278221 0.0463446 0.0887422 0.15905 0.192673 0.273481 0.284252 0.109918 0.187537 0.307057 0.101657 0.155371 0.238636 
syst_unc_TF_stat_up = 0.017036 0.0173396 0.0180735 0.0209356 0.0245614 0.0321922 0.0411201 0.0488989 0.114119 0.123069 0.201624 0.158881 0.169179 0.234041 0.291551 0.361108 0.0389117 0.0857844 0.190255 0.409149 0.0433539 0.109664 0.223558 0.531121 0.104699 0.126023 0.188841 0.21312 0.137668 0.250126 0.321921 0.395883 0.128719 0.295455 0.348793 0.0927091 0.212414 0.471841 0.0542889 0.137663 0.345472 0.0714136 0.139225 0.228269 0.311571 0.390212 0.444492 0.163445 0.278901 0.412073 0.152133 0.22898 0.326182 
syst_unc_TF_stat_dn = 0.017036 0.0173396 0.0180735 0.0209356 0.0245614 0.0321922 0.0411201 0.0488989 0.114119 0.123069 0.201624 0.158881 0.169179 0.234041 0.291551 0.361108 0.0389117 0.0857844 0.190255 0.409149 0.0433539 0.109664 0.223558 0.531121 0.104699 0.126023 0.188841 0.21312 0.137668 0.250126 0.321921 0.395883 0.128719 0.295455 0.348793 0.0927091 0.212414 0.471841 0.0542889 0.137663 0.345472 0.0714136 0.139225 0.228269 0.311571 0.390212 0.444492 0.163445 0.278901 0.412073 0.152133 0.22898 0.326182 
syst_unc_SF_up = 0.2 0.2 0.2 0.2 0.2 0.2 0.2 0.2 0.2 0.2 0.2 0.2 0.2 0.2 0.2 0.2 0.2 0.2 0.2 0.2 0.2 0.2 0.2 0.2 0.2 0.2 0.2 0.2 0.2 0.2 0.2 0.2 0.2 0.2 0.2 0.2 0.2 0.2 0.2 0.2 0.2 0.2 0.2 0.2 0.2 0.2 0.2 0.2 0.2 0.2 0.2 0.2 0.2 
syst_unc_SF_dn = 0.2 0.2 0.2 0.2 0.2 0.2 0.2 0.2 0.2 0.2 0.2 0.2 0.2 0.2 0.2 0.2 0.2 0.2 0.2 0.2 0.2 0.2 0.2 0.2 0.2 0.2 0.2 0.2 0.2 0.2 0.2 0.2 0.2 0.2 0.2 0.2 0.2 0.2 0.2 0.2 0.2 0.2 0.2 0.2 0.2 0.2 0.2 0.2 0.2 0.2 0.2 0.2 0.2 
syst_unc_JEC_up = 0.2 0.2 0.2 0.2 0.2 0.2 0.2 0.2 0.2 0.2 0.2 0.2 0.2 0.2 0.2 0.2 0.2 0.2 0.2 0.2 0.2 0.2 0.2 0.2 0.2 0.2 0.2 0.2 0.2 0.2 0.2 0.2 0.2 0.2 0.2 0.2 0.2 0.2 0.2 0.2 0.2 0.2 0.2 0.2 0.2 0.2 0.2 0.2 0.2 0.2 0.2 0.2 0.2 
syst_unc_JEC_dn = 0.2 0.2 0.2 0.2 0.2 0.2 0.2 0.2 0.2 0.2 0.2 0.2 0.2 0.2 0.2 0.2 0.2 0.2 0.2 0.2 0.2 0.2 0.2 0.2 0.2 0.2 0.2 0.2 0.2 0.2 0.2 0.2 0.2 0.2 0.2 0.2 0.2 0.2 0.2 0.2 0.2 0.2 0.2 0.2 0.2 0.2 0.2 0.2 0.2 0.2 0.2 0.2 0.2 
syst_unc_ISR_up = 0.05 0.05 0.05 0.05 0.05 0.05 0.05 0.05 0.05 0.05 0.05 0.05 0.05 0.05 0.05 0.05 0.05 0.05 0.05 0.05 0.05 0.05 0.05 0.05 0.05 0.05 0.05 0.05 0.05 0.05 0.05 0.05 0.05 0.05 0.05 0.05 0.05 0.05 0.05 0.05 0.05 0.05 0.05 0.05 0.05 0.05 0.05 0.05 0.05 0.05 0.05 0.05 0.05 
syst_unc_ISR_dn = 0.05 0.05 0.05 0.05 0.05 0.05 0.05 0.05 0.05 0.05 0.05 0.05 0.05 0.05 0.05 0.05 0.05 0.05 0.05 0.05 0.05 0.05 0.05 0.05 0.05 0.05 0.05 0.05 0.05 0.05 0.05 0.05 0.05 0.05 0.05 0.05 0.05 0.05 0.05 0.05 0.05 0.05 0.05 0.05 0.05 0.05 0.05 0.05 0.05 0.05 0.05 0.05 0.05 
syst_unc_pdf_up = 0.1 0.1 0.1 0.1 0.1 0.1 0.1 0.1 0.1 0.1 0.1 0.1 0.1 0.1 0.1 0.1 0.1 0.1 0.1 0.1 0.1 0.1 0.1 0.1 0.1 0.1 0.1 0.1 0.1 0.1 0.1 0.1 0.1 0.1 0.1 0.1 0.1 0.1 0.1 0.1 0.1 0.1 0.1 0.1 0.1 0.1 0.1 0.1 0.1 0.1 0.1 0.1 0.1 
syst_unc_pdf_dn = 0.1 0.1 0.1 0.1 0.1 0.1 0.1 0.1 0.1 0.1 0.1 0.1 0.1 0.1 0.1 0.1 0.1 0.1 0.1 0.1 0.1 0.1 0.1 0.1 0.1 0.1 0.1 0.1 0.1 0.1 0.1 0.1 0.1 0.1 0.1 0.1 0.1 0.1 0.1 0.1 0.1 0.1 0.1 0.1 0.1 0.1 0.1 0.1 0.1 0.1 0.1 0.1 0.1 
syst_unc_btag_up = 0.01 0.01 0.01 0.01 0.01 0.01 0.01 0.01 0.01 0.01 0.01 0.01 0.01 0.01 0.01 0.01 0.01 0.01 0.01 0.01 0.01 0.01 0.01 0.01 0.01 0.01 0.01 0.01 0.01 0.01 0.01 0.01 0.01 0.01 0.01 0.01 0.01 0.01 0.01 0.01 0.01 0.01 0.01 0.01 0.01 0.01 0.01 0.01 0.01 0.01 0.01 0.01 0.01 
syst_unc_btag_dn = 0.01 0.01 0.01 0.01 0.01 0.01 0.01 0.01 0.01 0.01 0.01 0.01 0.01 0.01 0.01 0.01 0.01 0.01 0.01 0.01 0.01 0.01 0.01 0.01 0.01 0.01 0.01 0.01 0.01 0.01 0.01 0.01 0.01 0.01 0.01 0.01 0.01 0.01 0.01 0.01 0.01 0.01 0.01 0.01 0.01 0.01 0.01 0.01 0.01 0.01 0.01 0.01 0.01 
