luminosity = 36     # in pb-1 (FIXED)
channels = 53     # total number of channels -> following our search bin definition (FIXED)
sample = comb     # name of the background: hadtau, lostle, zinv, qcd, ttz
channel = bin1 bin2 bin3 bin4 bin5 bin6 bin7 bin8 bin9 bin10 bin11 bin12 bin13 bin14 bin15 bin16 bin17 bin18 bin19 bin20 bin21 bin22 bin23 bin24 bin25 bin26 bin27 bin28 bin29 bin30 bin31 bin32 bin33 bin34 bin35 bin36 bin37 bin38 bin39 bin40 bin41 bin42 bin43 bin44 bin45 bin46 bin47 bin48 bin49 bin50 bin51 bin52 bin53 

# Predicted central numbers (need from all backgrounds)
rate = 775.615 409.978 166.513 131.325 97.7392 52.4884 26.086 23.9511 14.0053 7.90626 3.52831 1.93641 2.73914 1.82654 0.665947 0.439954 273.289 56.0909 5.45186 1.13279 182.261 31.5832 2.98731 0.805569 17.5888 7.34056 3.36237 1.78277 13.1909 5.15588 1.98512 1.52605 19.8185 3.55971 0.921148 26.4247 4.84481 0.702438 59.2772 9.71342 1.72967 28.7097 6.88533 2.86879 1.75738 0.705256 0.414151 5.10398 1.9566 1.14598 5.67205 2.31287 1.58848 
# fin_TF_to_mu = 0.661016 0.768592 0.775524 0.772042 0.538656 0.541775 0.567058 0.529189 0.800058 1.128 0.90432 0.833406 0.516464 0.926635 0.734805 0.517199 0.976352 1.25442 1.55023 1.38649 1.10941 1.44148 0.854177 1.81451 0.837315 0.920773 1.09543 0.938223 0.954813 1.21073 0.607601 0.873334 0.962876 1.31275 0.683568 0.724769 0.81701 1.33547 0.652643 0.759343 1.35953 0.619374 0.636207 0.919921 0.815144 1.29875 0.485441 0.708147 0.730196 1.27016 0.696619 0.711099 1.05836 
# fin_TF_to_ele = 0.787888 0.879646 0.874186 0.909656 0.640032 0.630609 0.643323 0.607629 1.05442 1.11388 0.85951 1.01519 0.629673 0.801167 0.629027 0.584315 1.29932 1.66441 1.57946 1.31355 1.36959 1.5953 1.40955 1.60924 0.973496 1.15215 1.50808 0.932212 1.29243 1.51065 1.20591 1.34797 1.13327 1.10996 0.726951 0.985761 1.53385 1.32798 0.819782 1.10157 1.0319 0.835893 0.692168 1.00545 0.646491 1.44257 0.581254 0.884885 0.867123 0.996667 0.971603 0.965407 1.74871 
# stat_unc_abs_up = 13.5708 8.00301 6.49271 2.71566 2.51873 1.84008 1.17323 1.12813 1.04942 0.876761 0.70705 0.21556 0.489596 0.335492 0.224206 0.123645 6.44415 2.66915 0.504206 0.216786 4.49978 1.67123 0.415886 0.190066 1.3152 0.624693 0.370539 0.28015 0.971663 0.464441 0.373957 0.286024 1.58814 0.637919 0.345675 1.74288 0.606748 0.196767 2.74725 0.893926 0.370579 1.73383 1.07707 0.537477 0.544516 0.179202 0.269604 0.688925 0.43932 0.323903 0.674532 0.460494 0.257741 
# stat_unc_abs_dn = 13.5708 8.00301 6.49271 2.71566 2.51873 1.84008 1.17323 1.12813 1.04942 0.876761 0.70705 0.21556 0.489596 0.335492 0.224206 0.123645 6.44415 2.66915 0.504206 0.216786 4.49978 1.67123 0.415886 0.190066 1.3152 0.624693 0.370539 0.28015 0.971663 0.464441 0.373957 0.286024 1.58814 0.637919 0.345675 1.74288 0.606748 0.196767 2.74725 0.893926 0.370579 1.73383 1.07707 0.537477 0.544516 0.179202 0.269604 0.688925 0.43932 0.323903 0.674532 0.460494 0.257741 
stat_unc_up = 0.0137856 0.0171712 0.0340865 0.0188108 0.0164936 0.0221072 0.0289337 0.0286201 0.0790085 0.123523 0.17224 0.11301 0.112548 0.147155 0.211775 0.164217 0.0306379 0.079203 0.146074 0.251378 0.0338134 0.0844154 0.196234 0.379685 0.0727927 0.0980497 0.166193 0.146491 0.0952027 0.136079 0.22717 0.252647 0.0908137 0.19891 0.272799 0.0650174 0.192094 0.371992 0.0379935 0.101378 0.221082 0.050481 0.108276 0.188374 0.200312 0.36655 0.378385 0.11944 0.194697 0.281702 0.115545 0.192213 0.28374 
stat_unc_dn = 0.0137856 0.0171712 0.0340865 0.0188108 0.0164936 0.0221072 0.0289337 0.0286201 0.0790085 0.123523 0.17224 0.11301 0.112548 0.147155 0.211775 0.164217 0.0306379 0.079203 0.146074 0.251378 0.0338134 0.0844154 0.196234 0.379685 0.0727927 0.0980497 0.166193 0.146491 0.0952027 0.136079 0.22717 0.252647 0.0908137 0.19891 0.272799 0.0650174 0.192094 0.371992 0.0379935 0.101378 0.221082 0.050481 0.108276 0.188374 0.200312 0.36655 0.378385 0.11944 0.194697 0.281702 0.115545 0.192213 0.28374 
syst_unc_TF_stat_up = 0.0191504 0.0216182 0.0365219 0.0239735 0.0252206 0.0321785 0.0432645 0.0506302 0.112945 0.151731 0.193002 0.155488 0.16851 0.244918 0.291331 0.303241 0.0415394 0.0978895 0.199613 0.385048 0.045919 0.109406 0.240693 0.481169 0.111595 0.132976 0.20387 0.206876 0.136229 0.172313 0.267105 0.284628 0.128336 0.291013 0.380976 0.0964674 0.25027 0.462735 0.0567431 0.14145 0.301366 0.0741648 0.152421 0.249589 0.316352 0.460252 0.509853 0.169995 0.283765 0.393544 0.161743 0.255417 0.360494 
syst_unc_TF_stat_dn = 0.0191504 0.0216182 0.0365219 0.0239735 0.0252206 0.0321785 0.0432645 0.0506302 0.112945 0.151731 0.193002 0.155488 0.16851 0.244918 0.291331 0.303241 0.0415394 0.0978895 0.199613 0.385048 0.045919 0.109406 0.240693 0.481169 0.111595 0.132976 0.20387 0.206876 0.136229 0.172313 0.267105 0.284628 0.128336 0.291013 0.380976 0.0964674 0.25027 0.462735 0.0567431 0.14145 0.301366 0.0741648 0.152421 0.249589 0.316352 0.460252 0.509853 0.169995 0.283765 0.393544 0.161743 0.255417 0.360494 
syst_unc_SF_up = 0.2 0.2 0.2 0.2 0.2 0.2 0.2 0.2 0.2 0.2 0.2 0.2 0.2 0.2 0.2 0.2 0.2 0.2 0.2 0.2 0.2 0.2 0.2 0.2 0.2 0.2 0.2 0.2 0.2 0.2 0.2 0.2 0.2 0.2 0.2 0.2 0.2 0.2 0.2 0.2 0.2 0.2 0.2 0.2 0.2 0.2 0.2 0.2 0.2 0.2 0.2 0.2 0.2 
syst_unc_SF_dn = 0.2 0.2 0.2 0.2 0.2 0.2 0.2 0.2 0.2 0.2 0.2 0.2 0.2 0.2 0.2 0.2 0.2 0.2 0.2 0.2 0.2 0.2 0.2 0.2 0.2 0.2 0.2 0.2 0.2 0.2 0.2 0.2 0.2 0.2 0.2 0.2 0.2 0.2 0.2 0.2 0.2 0.2 0.2 0.2 0.2 0.2 0.2 0.2 0.2 0.2 0.2 0.2 0.2 
syst_unc_JEC_up = 0.2 0.2 0.2 0.2 0.2 0.2 0.2 0.2 0.2 0.2 0.2 0.2 0.2 0.2 0.2 0.2 0.2 0.2 0.2 0.2 0.2 0.2 0.2 0.2 0.2 0.2 0.2 0.2 0.2 0.2 0.2 0.2 0.2 0.2 0.2 0.2 0.2 0.2 0.2 0.2 0.2 0.2 0.2 0.2 0.2 0.2 0.2 0.2 0.2 0.2 0.2 0.2 0.2 
syst_unc_JEC_dn = 0.2 0.2 0.2 0.2 0.2 0.2 0.2 0.2 0.2 0.2 0.2 0.2 0.2 0.2 0.2 0.2 0.2 0.2 0.2 0.2 0.2 0.2 0.2 0.2 0.2 0.2 0.2 0.2 0.2 0.2 0.2 0.2 0.2 0.2 0.2 0.2 0.2 0.2 0.2 0.2 0.2 0.2 0.2 0.2 0.2 0.2 0.2 0.2 0.2 0.2 0.2 0.2 0.2 
syst_unc_ISR_up = 0.05 0.05 0.05 0.05 0.05 0.05 0.05 0.05 0.05 0.05 0.05 0.05 0.05 0.05 0.05 0.05 0.05 0.05 0.05 0.05 0.05 0.05 0.05 0.05 0.05 0.05 0.05 0.05 0.05 0.05 0.05 0.05 0.05 0.05 0.05 0.05 0.05 0.05 0.05 0.05 0.05 0.05 0.05 0.05 0.05 0.05 0.05 0.05 0.05 0.05 0.05 0.05 0.05 
syst_unc_ISR_dn = 0.05 0.05 0.05 0.05 0.05 0.05 0.05 0.05 0.05 0.05 0.05 0.05 0.05 0.05 0.05 0.05 0.05 0.05 0.05 0.05 0.05 0.05 0.05 0.05 0.05 0.05 0.05 0.05 0.05 0.05 0.05 0.05 0.05 0.05 0.05 0.05 0.05 0.05 0.05 0.05 0.05 0.05 0.05 0.05 0.05 0.05 0.05 0.05 0.05 0.05 0.05 0.05 0.05 
syst_unc_pdf_up = 0.1 0.1 0.1 0.1 0.1 0.1 0.1 0.1 0.1 0.1 0.1 0.1 0.1 0.1 0.1 0.1 0.1 0.1 0.1 0.1 0.1 0.1 0.1 0.1 0.1 0.1 0.1 0.1 0.1 0.1 0.1 0.1 0.1 0.1 0.1 0.1 0.1 0.1 0.1 0.1 0.1 0.1 0.1 0.1 0.1 0.1 0.1 0.1 0.1 0.1 0.1 0.1 0.1 
syst_unc_pdf_dn = 0.1 0.1 0.1 0.1 0.1 0.1 0.1 0.1 0.1 0.1 0.1 0.1 0.1 0.1 0.1 0.1 0.1 0.1 0.1 0.1 0.1 0.1 0.1 0.1 0.1 0.1 0.1 0.1 0.1 0.1 0.1 0.1 0.1 0.1 0.1 0.1 0.1 0.1 0.1 0.1 0.1 0.1 0.1 0.1 0.1 0.1 0.1 0.1 0.1 0.1 0.1 0.1 0.1 
syst_unc_btag_up = 0.01 0.01 0.01 0.01 0.01 0.01 0.01 0.01 0.01 0.01 0.01 0.01 0.01 0.01 0.01 0.01 0.01 0.01 0.01 0.01 0.01 0.01 0.01 0.01 0.01 0.01 0.01 0.01 0.01 0.01 0.01 0.01 0.01 0.01 0.01 0.01 0.01 0.01 0.01 0.01 0.01 0.01 0.01 0.01 0.01 0.01 0.01 0.01 0.01 0.01 0.01 0.01 0.01 
syst_unc_btag_dn = 0.01 0.01 0.01 0.01 0.01 0.01 0.01 0.01 0.01 0.01 0.01 0.01 0.01 0.01 0.01 0.01 0.01 0.01 0.01 0.01 0.01 0.01 0.01 0.01 0.01 0.01 0.01 0.01 0.01 0.01 0.01 0.01 0.01 0.01 0.01 0.01 0.01 0.01 0.01 0.01 0.01 0.01 0.01 0.01 0.01 0.01 0.01 0.01 0.01 0.01 0.01 0.01 0.01 
