luminosity = 36     # in pb-1 (FIXED)
channels = 177     # total number of channels -> following our search bin definition (FIXED)
sample = rare     # name of the background: hadtau, lostle, zinv, qcd, ttz
channel = bin1 bin2 bin3 bin4 bin5 bin6 bin7 bin8 bin9 bin10 bin11 bin12 bin13 bin14 bin15 bin16 bin17 bin18 bin19 bin20 bin21 bin22 bin23 bin24 bin25 bin26 bin27 bin28 bin29 bin30 bin31 bin32 bin33 bin34 bin35 bin36 bin37 bin38 bin39 bin40 bin41 bin42 bin43 bin44 bin45 bin46 bin47 bin48 bin49 bin50 bin51 bin52 bin53 bin54 bin55 bin56 bin57 bin58 bin59 bin60 bin61 bin62 bin63 bin64 bin65 bin66 bin67 bin68 bin69 bin70 bin71 bin72 bin73 bin74 bin75 bin76 bin77 bin78 bin79 bin80 bin81 bin82 bin83 bin84 bin85 bin86 bin87 bin88 bin89 bin90 bin91 bin92 bin93 bin94 bin95 bin96 bin97 bin98 bin99 bin100 bin101 bin102 bin103 bin104 bin105 bin106 bin107 bin108 bin109 bin110 bin111 bin112 bin113 bin114 bin115 bin116 bin117 bin118 bin119 bin120 bin121 bin122 bin123 bin124 bin125 bin126 bin127 bin128 bin129 bin130 bin131 bin132 bin133 bin134 bin135 bin136 bin137 bin138 bin139 bin140 bin141 bin142 bin143 bin144 bin145 bin146 bin147 bin148 bin149 bin150 bin151 bin152 bin153 bin154 bin155 bin156 bin157 bin158 bin159 bin160 bin161 bin162 bin163 bin164 bin165 bin166 bin167 bin168 bin169 bin170 bin171 bin172 bin173 bin174 bin175 bin176 bin177 

# Predicted central numbers (need from all backgrounds)
rate = 79.3384 54.9973 25.8402 23.4205 10.8807 11.0834 2.93548 4.40461 1.0183 0.637489 0.40593 0.59981 0.792047 0.293995 0.0508793 0.0101759 19.0281 2.37176 0.410697 0.0837907 8.75896 3.7043 0.0861745 0 1.42625 0.756491 0.0430873 0.152638 1.4068 0.114318 0.518403 0.487876 1.07808 0.528579 0.0610551 2.27431 0.264572 0.0305276 2.58958 0.483033 0.142462 0.304171 0.0610551 0 0.071231 0.0407034 0 0.0814069 0.111934 0.183165 0 0.0203517 0.263468 1.24106 0.753188 0.0814069 0.0203517 0.822035 0.732836 0.0407034 0.326907 8.13736 5.53014 2.25983 2.35784 0.991826 0.834595 0.25678 0.071231 0.459193 0.142462 12.7309 4.60298 1.16855 0.987772 0.124494 0.0101759 0.101759 0.0407034 0 0.283819 0.0610551 0.0203517 1.74153 0.521353 0.744656 0.104142 0.822574 1.25711 0.62439 0.0939666 0.0915827 0.0508793 0 0 0 0 0.0101759 0 0 0 0 0 0 0.0101759 0.0101759 0 0.0407034 0.0101759 0 0 0 0.0101759 0 0 0.071231 0 0 0.0407034 0 0 0.0814069 0.0203517 0 0.0610551 0.0101759 0.0101759 0.0305276 0 0 0.0407034 0.0305276 0 0.0508793 0.0101759 0 0.0227355 0 0 0 0 0 0 0 0 0 0 0 0 0.0101759 0 0 0 0.0101759 0 0 0 0 0 0 0 0 0 0 0 0 0 0 0 0 0 0 0 0 0 0 0 
cs_event = 251 179 85 75 39 36 15 17 4 2 3 2 2 1 5 1 63 10 3 8 31 11 9 0 6 2 4 15 4 11 1 1 6 1 6 9 26 3 14 48 14 1 6 0 7 4 0 8 11 18 0 2 1 5 4 8 2 5 4 4 2 37 19 10 9 98 5 25 7 3 14 63 19 5 4 12 1 10 4 0 1 6 2 15 51 3 10 3 6 6 9 9 5 0 0 0 0 1 0 0 0 0 0 0 1 1 0 4 1 0 0 0 1 0 0 7 0 0 4 0 0 8 2 0 6 1 1 3 0 0 4 3 0 5 1 0 2 0 0 0 0 0 0 0 0 0 0 0 0 1 0 0 0 1 0 0 0 0 0 0 0 0 0 0 0 0 0 0 0 0 0 0 0 0 0 0 0 
avg_weight = 0.316089 0.307248 0.304002 0.312273 0.278993 0.307872 0.195698 0.259095 0.254575 0.318745 0.13531 0.299905 0.396023 0.293995 0.0101759 0.0101759 0.302033 0.237176 0.136899 0.0104738 0.282547 0.336754 0.00957495 0.0000 0.237708 0.378245 0.0107718 0.0101759 0.3517 0.0103926 0.518403 0.487876 0.179679 0.528579 0.0101759 0.252701 0.0101759 0.0101759 0.18497 0.0100632 0.0101759 0.304171 0.0101759 0.0000 0.0101759 0.0101759 0.0000 0.0101759 0.0101759 0.0101759 0.0000 0.0101759 0.263468 0.248213 0.188297 0.0101759 0.0101759 0.164407 0.183209 0.0101759 0.163453 0.219929 0.29106 0.225983 0.261982 0.0101207 0.166919 0.0102712 0.0101759 0.153064 0.0101759 0.202077 0.242262 0.233711 0.246943 0.0103745 0.0101759 0.0101759 0.0101759 0.0000 0.283819 0.0101759 0.0101759 0.116102 0.0102226 0.248219 0.0104142 0.274191 0.209519 0.104065 0.0104407 0.0101759 0.0101759 0.0000 0.0000 0.0000 0.0000 0.0101759 0.0000 0.0000 0.0000 0.0000 0.0000 0.0000 0.0101759 0.0101759 0.0000 0.0101759 0.0101759 0.0000 0.0000 0.0000 0.0101759 0.0000 0.0000 0.0101759 0.0000 0.0000 0.0101759 0.0000 0.0000 0.0101759 0.0101759 0.0000 0.0101759 0.0101759 0.0101759 0.0101759 0.0000 0.0000 0.0101759 0.0101759 0.0000 0.0101759 0.0101759 0.0000 0.0113678 0.0000 0.0000 0.0000 0.0000 0.0000 0.0000 0.0000 0.0000 0.0000 0.0000 0.0000 0.0000 0.0101759 0.0000 0.0000 0.0000 0.0101759 0.0000 0.0000 0.0000 0.0000 0.0000 0.0000 0.0000 0.0000 0.0000 0.0000 0.0000 0.0000 0.0000 0.0000 0.0000 0.0000 0.0000 0.0000 0.0000 0.0000 0.0000 0.0000 0.0000 
syst_unc_up = 7.93384 5.49973 2.58402 2.34205 1.08807 1.10834 0.293548 0.440461 0.10183 0.0637489 0.040593 0.059981 0.0792047 0.0293995 0.00508793 0.00101759 1.90281 0.237176 0.0410697 0.00837907 0.875896 0.37043 0.00861745 0 0.142625 0.0756491 0.00430873 0.0152638 0.14068 0.0114318 0.0518403 0.0487876 0.107808 0.0528579 0.00610551 0.227431 0.0264572 0.00305276 0.258958 0.0483033 0.0142462 0.0304171 0.00610551 0 0.0071231 0.00407034 0 0.00814069 0.0111934 0.0183165 0 0.00203517 0.0263468 0.124106 0.0753188 0.00814069 0.00203517 0.0822035 0.0732836 0.00407034 0.0326907 0.813736 0.553014 0.225983 0.235784 0.0991826 0.0834595 0.025678 0.0071231 0.0459193 0.0142462 1.27309 0.460298 0.116855 0.0987772 0.0124494 0.00101759 0.0101759 0.00407034 0 0.0283819 0.00610551 0.00203517 0.174153 0.0521353 0.0744656 0.0104142 0.0822574 0.125711 0.062439 0.00939666 0.00915827 0.00508793 0 0 0 0 0.00101759 0 0 0 0 0 0 0.00101759 0.00101759 0 0.00407034 0.00101759 0 0 0 0.00101759 0 0 0.0071231 0 0 0.00407034 0 0 0.00814069 0.00203517 0 0.00610551 0.00101759 0.00101759 0.00305276 0 0 0.00407034 0.00305276 0 0.00508793 0.00101759 0 0.00227355 0 0 0 0 0 0 0 0 0 0 0 0 0.00101759 0 0 0 0.00101759 0 0 0 0 0 0 0 0 0 0 0 0 0 0 0 0 0 0 0 0 0 0 0 
syst_unc_dn = 7.93384 5.49973 2.58402 2.34205 1.08807 1.10834 0.293548 0.440461 0.10183 0.0637489 0.040593 0.059981 0.0792047 0.0293995 0.00508793 0.00101759 1.90281 0.237176 0.0410697 0.00837907 0.875896 0.37043 0.00861745 0 0.142625 0.0756491 0.00430873 0.0152638 0.14068 0.0114318 0.0518403 0.0487876 0.107808 0.0528579 0.00610551 0.227431 0.0264572 0.00305276 0.258958 0.0483033 0.0142462 0.0304171 0.00610551 0 0.0071231 0.00407034 0 0.00814069 0.0111934 0.0183165 0 0.00203517 0.0263468 0.124106 0.0753188 0.00814069 0.00203517 0.0822035 0.0732836 0.00407034 0.0326907 0.813736 0.553014 0.225983 0.235784 0.0991826 0.0834595 0.025678 0.0071231 0.0459193 0.0142462 1.27309 0.460298 0.116855 0.0987772 0.0124494 0.00101759 0.0101759 0.00407034 0 0.0283819 0.00610551 0.00203517 0.174153 0.0521353 0.0744656 0.0104142 0.0822574 0.125711 0.062439 0.00939666 0.00915827 0.00508793 0 0 0 0 0.00101759 0 0 0 0 0 0 0.00101759 0.00101759 0 0.00407034 0.00101759 0 0 0 0.00101759 0 0 0.0071231 0 0 0.00407034 0 0 0.00814069 0.00203517 0 0.00610551 0.00101759 0.00101759 0.00305276 0 0 0.00407034 0.00305276 0 0.00508793 0.00101759 0 0.00227355 0 0 0 0 0 0 0 0 0 0 0 0 0.00101759 0 0 0 0.00101759 0 0 0 0 0 0 0 0 0 0 0 0 0 0 0 0 0 0 0 0 0 0 0 
